1.0000  0.2417  0.2604  0.2705  0.2538  0.2564  0.2464  0.2572  0.2584  0.2821  0.2437
0.2417  1.0000  0.3693  0.3958  0.3801  0.3642  0.3290  0.3333  0.2991  0.3529  0.2823
0.2604  0.3693  1.0000  0.4444  0.4199  0.3962  0.3494  0.3505  0.3046  0.3704  0.2888
0.2705  0.3958  0.4444  1.0000  0.4642  0.4335  0.3801  0.3779  0.3304  0.4032  0.3074
0.2538  0.3801  0.4199  0.4642  1.0000  0.4367  0.3880  0.3849  0.3404  0.4005  0.3077
0.2564  0.3642  0.3962  0.4335  0.4367  1.0000  0.3950  0.4021  0.3749  0.4299  0.3557
0.2464  0.3290  0.3494  0.3801  0.3880  0.3950  1.0000  0.4021  0.3933  0.4319  0.3704
0.2572  0.3333  0.3505  0.3779  0.3849  0.4021  0.4021  1.0000  0.4211  0.4609  0.4109
0.2584  0.2991  0.3046  0.3304  0.3404  0.3749  0.3933  0.4211  1.0000  0.4656  0.4334
0.2821  0.3529  0.3704  0.4032  0.4005  0.4299  0.4319  0.4609  0.4656  1.0000  0.4700
0.2437  0.2823  0.2888  0.3074  0.3077  0.3557  0.3704  0.4109  0.4334  0.4700  1.0000
