1.0000 0.7545 0.5531 0.4876 0.1916 0.1307 -0.0911 -0.1402
0.7545 1.0000 0.8116 0.6338 0.3504 0.1632 -0.2233 -0.4114
0.5531 0.8116 1.0000 0.8450 0.6544 0.4504 0.2069 -0.0653
0.4876 0.6338 0.8450 1.0000 0.7552 0.5296 0.3665 0.0508
0.1916 0.3504 0.6544 0.7552 1.0000 0.7792 0.6410 0.4757
0.1307 0.1632 0.4504 0.5296 0.7792 1.0000 0.7405 0.6436
-0.0911 -0.2233 0.2069 0.3665 0.6410 0.7405 1.0000 0.8252
-0.1402 -0.4114 -0.0653 0.0508 0.4757 0.6436 0.8252 1.0000
