1.00 0.73 0.68 0.58 0.52 0.52 0.46 
0.73 1.00 0.84 0.72 0.66 0.65 0.62 
0.68 0.84 1.00 0.80 0.75 0.73 0.69 
0.58 0.72 0.80 1.00 0.84 0.80 0.72 
0.52 0.66 0.75 0.84 1.00 0.83 0.77 
0.52 0.65 0.73 0.80 0.83 1.00 0.88 
0.46 0.62 0.69 0.72 0.77 0.88 1.00 
