1.00 0.84 0.83 0.83 0.78 0.76 0.71 0.59 0.72 0.61 0.62 0.60 0.57 
0.84 1.00 0.85 0.84 0.82 0.80 0.77 0.66 0.76 0.66 0.66 0.64 0.60 
0.83 0.85 1.00 0.87 0.86 0.84 0.80 0.69 0.78 0.66 0.67 0.66 0.62 
0.83 0.84 0.87 1.00 0.87 0.85 0.81 0.71 0.78 0.65 0.69 0.67 0.62 
0.78 0.82 0.86 0.87 1.00 0.87 0.83 0.70 0.75 0.62 0.65 0.63 0.60 
0.76 0.80 0.84 0.85 0.87 1.00 0.83 0.72 0.76 0.63 0.66 0.64 0.61 
0.71 0.77 0.80 0.81 0.83 0.83 1.00 0.75 0.77 0.66 0.68 0.66 0.60 
0.59 0.66 0.69 0.71 0.70 0.72 0.75 1.00 0.74 0.66 0.69 0.66 0.60 
0.72 0.76 0.78 0.78 0.75 0.76 0.77 0.74 1.00 0.73 0.73 0.72 0.65 
0.61 0.66 0.66 0.65 0.62 0.63 0.66 0.66 0.73 1.00 0.66 0.64 0.58 
0.62 0.66 0.67 0.69 0.65 0.66 0.68 0.69 0.73 0.66 1.00 0.69 0.60 
0.60 0.64 0.66 0.67 0.63 0.64 0.66 0.66 0.72 0.64 0.69 1.00 0.60 
0.57 0.60 0.62 0.62 0.60 0.61 0.60 0.60 0.65 0.58 0.60 0.60 1.00 
