1.00 0.74 0.69 0.59 0.52 0.51 0.46 
0.74 1.00 0.84 0.72 0.66 0.64 0.61 
0.69 0.84 1.00 0.80 0.76 0.74 0.70 
0.59 0.72 0.80 1.00 0.85 0.81 0.73 
0.52 0.66 0.76 0.85 1.00 0.84 0.78 
0.51 0.64 0.74 0.81 0.84 1.00 0.89 
0.46 0.61 0.70 0.73 0.78 0.89 1.00 
