1.00 0.41 0.22 -0.13 -0.28 -0.41 -0.44 
0.41 1.00 0.3 -0.13 -0.29 -0.48 -0.48 
0.22 0.3 1.00 0.07 -0.10 -0.35 -0.42 
-0.13 -0.13 0.07 1.00 0.41 0.14 -0.21 
-0.28 -0.29 -0.10 0.41 1.00 0.31 0.01 
-0.41 -0.48 -0.35 0.14 0.31 1.00 0.41 
-0.44 -0.48 -0.42 -0.21 0.01 0.41 1.00 
