     1.000     0.450     0.333    -0.218    -0.259     0.048
     0.450     1.000     0.454    -0.095    -0.218    -0.007
     0.333     0.454     1.000     0.256     0.179     0.115
    -0.218    -0.095     0.256     1.000     0.586     0.386
    -0.259    -0.218     0.179     0.586     1.000     0.430
     0.048    -0.007     0.115     0.386     0.430     1.000
