     1.000     0.493     0.376    -0.208    -0.289     0.062
     0.493     1.000     0.447    -0.085    -0.217    -0.000
     0.376     0.447     1.000     0.208     0.154     0.105
    -0.208    -0.085     0.208     1.000     0.530     0.386
    -0.289    -0.217     0.154     0.530     1.000     0.435
     0.062    -0.000     0.105     0.386     0.435     1.000
