Bin Boundaries

-1.00 -0.70 -0.40 -0.20 -0.10 0.00 0.10 0.20 0.30 0.40 0.50 0.60 0.70 0.80 0.90 1.00


Central Value Measurement [*10^{-39} cm^2]

2.34 2.45 2.83 2.76 2.77 3.06 3.55 4.01 4.57 5.47 6.44 7.66 9.14 11.36 14.59


Statistical Uncertainty [*10^{-39} cm^2]

0.16 0.12 0.14 0.18 0.17 0.18 0.19 0.21 0.22 0.26 0.29 0.33 0.39 0.49 0.66


Systematic Uncertainty [*10^{-39} cm^2]

0.44 0.45 0.50 0.46 0.49 0.59 0.60 0.69 0.76 0.95 1.05 1.26 1.48 2.08 2.83


Systematic Uncertainty Correlation Matrix (V_ij/sqrt(V_ii*V_jj))

1.00 0.87 0.78 0.78 0.84 0.62 0.85 0.84 0.78 0.85 0.81 0.86 0.80 0.63 0.81
0.87 1.00 0.70 0.78 0.87 0.63 0.91 0.81 0.71 0.92 0.86 0.88 0.80 0.60 0.88
0.78 0.70 1.00 0.67 0.69 0.48 0.76 0.93 0.86 0.71 0.70 0.80 0.80 0.60 0.68
0.78 0.78 0.67 1.00 0.96 0.92 0.90 0.75 0.82 0.84 0.93 0.89 0.90 0.90 0.84
0.84 0.87 0.69 0.96 1.00 0.88 0.95 0.80 0.82 0.91 0.94 0.91 0.89 0.82 0.90
0.62 0.63 0.48 0.92 0.88 1.00 0.80 0.59 0.75 0.72 0.87 0.77 0.81 0.90 0.75
0.85 0.91 0.76 0.90 0.95 0.80 1.00 0.89 0.84 0.95 0.93 0.94 0.91 0.77 0.93
0.84 0.81 0.93 0.75 0.80 0.59 0.89 1.00 0.92 0.85 0.83 0.88 0.87 0.68 0.82
0.78 0.71 0.86 0.82 0.82 0.75 0.84 0.92 1.00 0.80 0.86 0.87 0.90 0.83 0.80
0.85 0.92 0.71 0.84 0.91 0.72 0.95 0.85 0.80 1.00 0.92 0.92 0.87 0.71 0.95
0.81 0.86 0.70 0.93 0.94 0.87 0.93 0.83 0.86 0.92 1.00 0.95 0.93 0.88 0.92
0.86 0.88 0.80 0.89 0.91 0.77 0.94 0.88 0.87 0.92 0.95 1.00 0.95 0.81 0.93
0.80 0.80 0.80 0.90 0.89 0.81 0.91 0.87 0.90 0.87 0.93 0.95 1.00 0.88 0.90
0.63 0.60 0.60 0.90 0.82 0.90 0.77 0.68 0.83 0.71 0.88 0.81 0.88 1.00 0.77
0.81 0.88 0.68 0.84 0.90 0.75 0.93 0.82 0.80 0.95 0.92 0.93 0.90 0.77 1.00
