1.00 0.87 0.78 0.78 0.84 0.62 0.85 0.84 0.78 0.85 0.81 0.86 0.80 0.63 0.81
0.87 1.00 0.70 0.78 0.87 0.63 0.91 0.81 0.71 0.92 0.86 0.88 0.80 0.60 0.88
0.78 0.70 1.00 0.67 0.69 0.48 0.76 0.93 0.86 0.71 0.70 0.80 0.80 0.60 0.68
0.78 0.78 0.67 1.00 0.96 0.92 0.90 0.75 0.82 0.84 0.93 0.89 0.90 0.90 0.84
0.84 0.87 0.69 0.96 1.00 0.88 0.95 0.80 0.82 0.91 0.94 0.91 0.89 0.82 0.90
0.62 0.63 0.48 0.92 0.88 1.00 0.80 0.59 0.75 0.72 0.87 0.77 0.81 0.90 0.75
0.85 0.91 0.76 0.90 0.95 0.80 1.00 0.89 0.84 0.95 0.93 0.94 0.91 0.77 0.93
0.84 0.81 0.93 0.75 0.80 0.59 0.89 1.00 0.92 0.85 0.83 0.88 0.87 0.68 0.82
0.78 0.71 0.86 0.82 0.82 0.75 0.84 0.92 1.00 0.80 0.86 0.87 0.90 0.83 0.80
0.85 0.92 0.71 0.84 0.91 0.72 0.95 0.85 0.80 1.00 0.92 0.92 0.87 0.71 0.95
0.81 0.86 0.70 0.93 0.94 0.87 0.93 0.83 0.86 0.92 1.00 0.95 0.93 0.88 0.92
0.86 0.88 0.80 0.89 0.91 0.77 0.94 0.88 0.87 0.92 0.95 1.00 0.95 0.81 0.93
0.80 0.80 0.80 0.90 0.89 0.81 0.91 0.87 0.90 0.87 0.93 0.95 1.00 0.88 0.90
0.63 0.60 0.60 0.90 0.82 0.90 0.77 0.68 0.83 0.71 0.88 0.81 0.88 1.00 0.77
0.81 0.88 0.68 0.84 0.90 0.75 0.93 0.82 0.80 0.95 0.92 0.93 0.90 0.77 1.00
