1.00 0.93 0.80 0.74 0.71 0.77 0.74 0.68 0.63 0.59 0.50 0.50 0.49 0.54
0.93 1.00 0.96 0.90 0.88 0.86 0.81 0.79 0.72 0.68 0.62 0.56 0.59 0.59
0.80 0.96 1.00 0.98 0.96 0.92 0.85 0.86 0.79 0.75 0.73 0.64 0.68 0.65
0.74 0.90 0.98 1.00 0.99 0.96 0.91 0.91 0.87 0.84 0.81 0.75 0.77 0.74
0.71 0.88 0.96 0.99 1.00 0.97 0.93 0.94 0.89 0.86 0.85 0.77 0.80 0.75
0.77 0.86 0.92 0.96 0.97 1.00 0.99 0.98 0.95 0.92 0.89 0.85 0.86 0.83
0.74 0.81 0.85 0.91 0.93 0.99 1.00 0.99 0.97 0.96 0.91 0.91 0.90 0.89
0.68 0.79 0.86 0.91 0.94 0.98 0.99 1.00 0.99 0.97 0.95 0.91 0.92 0.89
0.63 0.72 0.79 0.87 0.89 0.95 0.97 0.99 1.00 0.99 0.97 0.96 0.95 0.94
0.59 0.68 0.75 0.84 0.86 0.92 0.96 0.97 0.99 1.00 0.98 0.98 0.97 0.96
0.50 0.62 0.73 0.81 0.85 0.89 0.91 0.95 0.97 0.98 1.00 0.97 0.97 0.94
0.50 0.56 0.64 0.75 0.77 0.85 0.91 0.91 0.96 0.98 0.97 1.00 0.97 0.98
0.49 0.59 0.68 0.77 0.80 0.86 0.90 0.92 0.95 0.97 0.97 0.97 1.00 0.97
0.54 0.59 0.65 0.74 0.75 0.83 0.89 0.89 0.94 0.96 0.94 0.98 0.97 1.00
