1.0000 0.1088 0.1273 0.1253 0.1105 0.1128 0.0762 0.0660 0.0494
0.1088 1.0000 0.4995 0.4646 0.3522 0.3495 0.2562 0.2640 0.2115
0.1273 0.4995 1.0000 0.5950 0.5021 0.4654 0.3467 0.3431 0.2670
0.1253 0.4646 0.5950 1.0000 0.5422 0.4961 0.3745 0.3523 0.2718
0.1105 0.3522 0.5021 0.5422 1.0000 0.4470 0.3429 0.3120 0.2325
0.1128 0.3495 0.4654 0.4961 0.4470 1.0000 0.3116 0.2916 0.2224
0.0762 0.2562 0.3467 0.3745 0.3429 0.3116 1.0000 0.2574 0.1886
0.0660 0.2640 0.3431 0.3523 0.3120 0.2916 0.2574 1.0000 0.1894
0.0494 0.2115 0.2670 0.2718 0.2325 0.2224 0.1886 0.1894 1.0000
