1.00  0.74  0.83 0.52  0.82 0.79 0.47 0.25  0.26 0.44  0.02  
0.74  1.00  0.92 0.74  0.90 0.70 0.30 0.51  0.58 0.26 -0.41 
0.83  0.92  1.00 0.85  0.97 0.88 0.56 0.59  0.57 0.36 -0.14 
0.52  0.74  0.85 1.00  0.82 0.84 0.73 0.84  0.72 0.26  0.05  
0.82  0.90  0.97 0.82  1.00 0.90 0.55 0.61  0.63 0.38 -0.16 
0.79  0.70  0.88 0.84  0.90 1.00 0.84 0.69  0.57 0.48  0.24  
0.47  0.30  0.56 0.73  0.55 0.84 1.00 0.72  0.46 0.44  0.63  
0.25  0.51  0.59 0.84  0.61 0.69 0.72 1.00  0.89 0.35  0.08  
0.26  0.58  0.57 0.72  0.63 0.57 0.46 0.89  1.00 0.39 -0.19 
0.44  0.26  0.36 0.26  0.38 0.48 0.44 0.35  0.39 1.00  0.24  
0.02 -0.41 -0.14 0.05 -0.16 0.24 0.63 0.08 -0.19 0.24  1.00
