Bin Boundaries [GeV/c] 

0.00 0.10 0.15 0.20 0.25 0.30 0.40 0.50 0.60 0.80 1.00 1.40


Central Value Measurement [*10^{39} cm^2/(GeV/c)]

4.92 26.65 32.90 28.99 19.02 13.65 7.41 4.27 1.90 0.87 0.19


Statistical Uncertainty [*10^{39} cm^2/(GeV/c)]

0.37 1.10 1.05 0.87 0.61 0.37 0.31 0.33 0.25 0.35 0.21


Systematic Uncertainty [*10^{39} cm^2/(GeV/c)]

1.34 4.94 5.00 4.31 3.09 2.49 2.01 1.14 0.63 0.40 0.79


Systematic Uncertainty Correlation Matrix (V_ij/sqrt(V_ii*V_jj))

1.00  0.74  0.83 0.52  0.82 0.79 0.47 0.25  0.26 0.44  0.02  
0.74  1.00  0.92 0.74  0.90 0.70 0.30 0.51  0.58 0.26 -0.41 
0.83  0.92  1.00 0.85  0.97 0.88 0.56 0.59  0.57 0.36 -0.14 
0.52  0.74  0.85 1.00  0.82 0.84 0.73 0.84  0.72 0.26  0.05  
0.82  0.90  0.97 0.82  1.00 0.90 0.55 0.61  0.63 0.38 -0.16 
0.79  0.70  0.88 0.84  0.90 1.00 0.84 0.69  0.57 0.48  0.24  
0.47  0.30  0.56 0.73  0.55 0.84 1.00 0.72  0.46 0.44  0.63  
0.25  0.51  0.59 0.84  0.61 0.69 0.72 1.00  0.89 0.35  0.08  
0.26  0.58  0.57 0.72  0.63 0.57 0.46 0.89  1.00 0.39 -0.19 
0.44  0.26  0.36 0.26  0.38 0.48 0.44 0.35  0.39 1.00  0.24  
0.02 -0.41 -0.14 0.05 -0.16 0.24 0.63 0.08 -0.19 0.24  1.00
