1.00 0.61 0.67 0.45 0.58 0.86 0.34 0.66 0.53  
0.61 1.00 0.84 0.63 0.87 0.77 0.70 0.84 0.71  
0.67 0.84 1.00 0.78 0.90 0.83 0.80 0.92 0.83  
0.45 0.63 0.78 1.00 0.76 0.64 0.90 0.80 0.87  
0.58 0.87 0.90 0.76 1.00 0.79 0.84 0.92 0.84  
0.86 0.77 0.83 0.64 0.79 1.00 0.60 0.87 0.76  
0.34 0.70 0.80 0.90 0.84 0.60 1.00 0.84 0.92  
0.66 0.84 0.92 0.80 0.92 0.87 0.84 1.00 0.92  
0.53 0.71 0.83 0.87 0.84 0.76 0.92 0.92 1.00
