Bin Boundaries [GeV] 

0.50 0.60 0.70 0.80 0.90 1.00 1.10 1.20 1.30 1.40 1.50 1.60 1.70 1.80 2.00


Protons on Target [p.o.t.]

6.27e20


Central Value Prediction [*10^{-10} muon neutrinos/p.o.t./cm^2/GeV]

4.57 4.53 4.37 4.07 3.68 3.24 2.76 2.26 1.79 1.36 1.00 0.72 0.51 0.30


Systematic Uncertainty [*10^{-10} muon neutrinos/p.o.t./cm^2/GeV]

0.33 0.26 0.25 0.26 0.22 0.18 0.20 0.28 0.24 0.17 0.13 0.12 0.10 0.07 


Systematic Uncertainty Correlation Matrix (V_ij/sqrt(V_ii*V_jj))

 1.00  0.91  0.91  0.79  0.77  0.45 -0.06 -0.35 -0.33 -0.12 0.12 0.19 0.25 0.28  
 0.91  1.00  0.92  0.80  0.77  0.54  0.08 -0.16 -0.16 -0.01 0.13 0.15 0.17 0.18  
 0.91  0.92  1.00  0.87  0.86  0.61  0.13 -0.19 -0.18  0.04 0.25 0.28 0.31 0.33  
 0.79  0.80  0.87  1.00  0.92  0.69  0.15 -0.17 -0.17  0.09 0.35 0.40 0.41 0.44  
 0.77  0.77  0.86  0.92  1.00  0.83  0.34 -0.02 -0.01  0.23 0.44 0.47 0.49 0.50  
 0.45  0.54  0.61  0.69  0.83  1.00  0.75  0.46  0.44  0.60 0.65 0.62 0.57 0.55  
-0.06  0.08  0.13  0.15  0.34  0.75  1.00  0.89  0.87  0.87 0.70 0.58 0.47 0.38  
-0.35 -0.16 -0.19 -0.17 -0.02  0.46  0.89  1.00  0.98  0.84 0.54 0.40 0.28 0.19  
-0.33 -0.16 -0.18 -0.17 -0.01  0.44  0.87  0.98  1.00  0.91 0.63 0.49 0.38 0.26  
-0.12 -0.01  0.04  0.09  0.23  0.60  0.87  0.84  0.91  1.00 0.89 0.78 0.66 0.53  
 0.12  0.13  0.25  0.35  0.44  0.65  0.70  0.54  0.63  0.89 1.00 0.97 0.89 0.79  
 0.19  0.15  0.28  0.40  0.47  0.62  0.58  0.40  0.49  0.78 0.97 1.00 0.97 0.91  
 0.25  0.17  0.31  0.41  0.49  0.57  0.47  0.28  0.38  0.66 0.89 0.97 1.00 0.97  
 0.28  0.18  0.33  0.44  0.50  0.55  0.38  0.19  0.26  0.53 0.79 0.91 0.97 1.00
