Bin Boundaries [GeV] 

0.50 0.60 0.70 0.80 0.90 1.00 1.10 1.20 1.30 1.40 1.50 1.60 1.70 1.80 2.00


Central Value Measurement [*10^{-39} cm^2]

1.76 3.83 5.68 7.31 9.20 11.06 12.42 13.89 15.23 16.38 18.20 19.37 20.80 21.92


Statistical Uncertainty [*10^{-39} cm^2]

0.18 0.23 0.26 0.29 0.34 0.41 0.49 0.60 0.74 0.92 1.24 1.62 2.16 2.24


Systematic Uncertainty [*10^{-39} cm^2]

0.49 0.78 0.97 1.17 1.50 1.85 2.16 2.46 2.82 3.17 3.61 4.15 4.49 5.26 


Systematic Uncertainty Correlation Matrix (V_ij/sqrt(V_ii*V_jj))

1.00 0.93 0.80 0.74 0.71 0.77 0.74 0.68 0.63 0.59 0.50 0.50 0.49 0.54
0.93 1.00 0.96 0.90 0.88 0.86 0.81 0.79 0.72 0.68 0.62 0.56 0.59 0.59
0.80 0.96 1.00 0.98 0.96 0.92 0.85 0.86 0.79 0.75 0.73 0.64 0.68 0.65
0.74 0.90 0.98 1.00 0.99 0.96 0.91 0.91 0.87 0.84 0.81 0.75 0.77 0.74
0.71 0.88 0.96 0.99 1.00 0.97 0.93 0.94 0.89 0.86 0.85 0.77 0.80 0.75
0.77 0.86 0.92 0.96 0.97 1.00 0.99 0.98 0.95 0.92 0.89 0.85 0.86 0.83
0.74 0.81 0.85 0.91 0.93 0.99 1.00 0.99 0.97 0.96 0.91 0.91 0.90 0.89
0.68 0.79 0.86 0.91 0.94 0.98 0.99 1.00 0.99 0.97 0.95 0.91 0.92 0.89
0.63 0.72 0.79 0.87 0.89 0.95 0.97 0.99 1.00 0.99 0.97 0.96 0.95 0.94
0.59 0.68 0.75 0.84 0.86 0.92 0.96 0.97 0.99 1.00 0.98 0.98 0.97 0.96
0.50 0.62 0.73 0.81 0.85 0.89 0.91 0.95 0.97 0.98 1.00 0.97 0.97 0.94
0.50 0.56 0.64 0.75 0.77 0.85 0.91 0.91 0.96 0.98 0.97 1.00 0.97 0.98
0.49 0.59 0.68 0.77 0.80 0.86 0.90 0.92 0.95 0.97 0.97 0.97 1.00 0.97
0.54 0.59 0.65 0.74 0.75 0.83 0.89 0.89 0.94 0.96 0.94 0.98 0.97 1.00
