0.241	0.302	0.325	0.334	0.531	0.455	0.562	0.532	0.642	0.791	0.830	0.801	0.940	1.139	0.982	1.454	1.811	1.768
0.302	0.438	0.442	0.421	0.797	0.606	0.780	0.663	0.854	1.122	1.128	1.019	1.195	1.595	1.115	1.986	2.474	2.199
0.325	0.442	0.499	0.500	0.783	0.680	0.836	0.795	0.960	1.186	1.246	1.205	1.400	1.720	1.482	2.168	2.669	2.579
0.334	0.421	0.500	0.652	0.667	0.762	0.866	1.052	1.084	1.091	1.379	1.547	1.702	1.768	2.152	2.231	2.655	3.059
0.531	0.797	0.783	0.667	1.669	1.059	1.437	1.029	1.475	2.154	2.014	1.595	1.947	2.987	1.444	3.622	4.628	3.605
0.455	0.606	0.680	0.762	1.059	1.053	1.224	1.253	1.419	1.658	1.833	1.901	2.172	2.529	2.523	3.216	3.902	4.071
0.562	0.780	0.836	0.866	1.437	1.224	1.577	1.436	1.727	2.157	2.261	2.183	2.535	3.204	2.662	3.993	4.923	4.687
0.532	0.663	0.795	1.052	1.029	1.253	1.436	1.862	1.821	1.746	2.313	2.651	2.885	2.963	3.717	3.665	4.376	5.243
0.642	0.854	0.960	1.084	1.475	1.419	1.727	1.821	2.135	2.428	2.687	2.776	3.146	3.664	3.610	4.601	5.583	5.807
0.791	1.122	1.186	1.091	2.154	1.658	2.157	1.746	2.428	3.459	3.201	2.889	3.441	4.681	3.340	5.946	7.404	6.542
0.830	1.128	1.246	1.379	2.014	1.833	2.261	2.313	2.687	3.201	3.664	3.603	4.072	4.847	4.500	6.060	7.430	7.471
0.801	1.019	1.205	1.547	1.595	1.901	2.183	2.651	2.776	2.889	3.603	4.243	4.565	4.765	5.799	6.051	7.256	8.546
0.940	1.195	1.400	1.702	1.947	2.172	2.535	2.885	3.146	3.441	4.072	4.565	5.243	5.594	6.386	7.141	8.578	9.753
1.139	1.595	1.720	1.768	2.987	2.529	3.204	2.963	3.664	4.681	4.847	4.765	5.594	7.336	6.011	8.859	10.880	10.574
0.982	1.115	1.482	2.152	1.444	2.523	2.662	3.717	3.610	3.340	4.500	5.799	6.386	6.011	9.703	8.186	9.481	12.660
1.454	1.986	2.168	2.231	3.622	3.216	3.993	3.665	4.601	5.946	6.060	6.051	7.141	8.859	8.186	12.132	14.563	14.524
1.811	2.474	2.669	2.655	4.628	3.902	4.923	4.376	5.583	7.404	7.430	7.256	8.578	10.880	9.481	14.563	18.964	18.178
1.768	2.199	2.579	3.059	3.605	4.071	4.687	5.243	5.807	6.542	7.471	8.546	9.753	10.574	12.660	14.524	18.178	22.119
