0.270	0.335	0.365	0.378	0.594	0.512	0.636	0.606	0.728	0.889	0.941	0.914	1.064	1.278	1.121	1.630	2.008	1.991
0.335	0.487	0.498	0.478	0.887	0.681	0.883	0.760	0.971	1.257	1.283	1.174	1.361	1.791	1.294	2.232	2.744	2.488
0.365	0.498	0.569	0.573	0.888	0.773	0.957	0.910	1.099	1.350	1.430	1.386	1.599	1.953	1.700	2.464	2.992	2.922
0.378	0.478	0.573	0.749	0.768	0.877	0.997	1.203	1.241	1.262	1.585	1.769	1.949	2.018	2.447	2.556	3.017	3.495
0.594	0.887	0.888	0.768	1.870	1.197	1.637	1.197	1.697	2.421	2.315	1.880	2.246	3.378	1.741	4.111	5.161	4.120
0.512	0.681	0.773	0.877	1.197	1.209	1.401	1.444	1.628	1.893	2.102	2.196	2.498	2.879	2.927	3.669	4.415	4.670
0.636	0.883	0.957	0.997	1.637	1.401	1.809	1.659	1.991	2.468	2.608	2.527	2.916	3.658	3.076	4.562	5.562	5.352
0.606	0.760	0.910	1.203	1.197	1.444	1.659	2.125	2.089	2.040	2.660	3.026	3.298	3.396	4.204	4.202	4.994	5.975
0.728	0.971	1.099	1.241	1.697	1.628	1.991	2.089	2.456	2.801	3.093	3.189	3.600	4.188	4.126	5.275	6.337	6.630
0.889	1.257	1.350	1.262	2.421	1.893	2.468	2.040	2.801	3.917	3.683	3.375	3.962	5.312	3.954	6.780	8.308	7.472
0.941	1.283	1.430	1.585	2.315	2.102	2.608	2.660	3.093	3.683	4.226	4.155	4.666	5.540	5.142	6.927	8.398	8.498
0.914	1.174	1.386	1.769	1.880	2.196	2.527	3.026	3.189	3.375	4.155	4.833	5.217	5.482	6.536	6.953	8.274	9.691
1.064	1.361	1.599	1.949	2.246	2.498	2.916	3.298	3.600	3.962	4.666	5.217	5.985	6.384	7.246	8.147	9.693	11.046
1.278	1.791	1.953	2.018	3.378	2.879	3.658	3.396	4.188	5.312	5.540	5.482	6.384	8.294	6.929	10.072	12.227	12.017
1.121	1.294	1.700	2.447	1.741	2.927	3.076	4.204	4.126	3.954	5.142	6.536	7.246	6.929	10.898	9.417	10.890	14.352
1.630	2.232	2.464	2.556	4.111	3.669	4.562	4.202	5.275	6.780	6.927	6.953	8.147	10.072	9.417	13.825	16.409	16.473
2.008	2.744	2.992	3.017	5.161	4.415	5.562	4.994	6.337	8.308	8.398	8.274	9.693	12.227	10.890	16.409	21.078	20.414
1.991	2.488	2.922	3.495	4.120	4.670	5.352	5.975	6.630	7.472	8.498	9.691	11.046	12.017	14.352	16.473	20.414	25.095
