61.01998581377959 21.11609955393857 27.41816600919505 22.93375853791807 7.59129220602285 1.73624989868021 2.00654664213807 0.97227275890284 1.28055369017812 0.37490767683921 93.78234441633109 85.27933958348983 90.92833868711530 55.24773820294968 21.76404764177703 3.54084699113037 4.25235622421512 2.55489273404368 1.62726521022571 0.71190342679032 136.90348528047014 129.54575657955073 128.64323668465079 76.13089914375422 33.29406239081185 8.07969886787042 4.31404135819654 4.94156359459704 3.07637557714150 1.24850111550723 88.13964280320828 110.28954770701120 87.10967753963824 41.35676566357252 -4.89122713027956 -0.79979144167767 5.42412171819713 2.23262676794324 1.81956581599144 0.41677887626518 0.99252031508993 17.10123925203793 16.69523661753385 1.63842198060020 -7.06480900611491 -0.37051730002565 0.88717895541033 0.20243985488152 1.33577513042010 0.15048493718231 0.00000000000000 0.00000000000000 -0.34535087934214 -0.71318986020885 -0.04681033027229 -0.41375438347433 -0.00867849595998 0.10985063305614 0.13181112050500 -0.07709723944578
21.11609955393857 33.55876090871801 17.07951687606790 14.85765630115551 7.82520928511806 2.03610817127657 1.45392302204269 0.80100996605030 0.89279264039858 0.25805795990283 61.48755129451249 56.12230912206666 60.20954033967950 42.01769370733091 21.62831267297546 6.64996673951993 4.05060617736740 2.01217463847145 1.30202326484826 0.57476165493132 86.06921764709878 86.05811645285915 92.45179943372108 63.62319708073145 31.57800768565232 12.35761798080525 4.70048624619023 4.10172264134047 2.28899445890419 1.01025624546209 59.15813286588085 83.73247869598654 72.94324088500554 46.89887595673369 14.94042493096493 6.13891070521669 6.08857316056799 3.07067943820516 1.66543035920605 0.68429654188617 0.51216875441476 14.31907298279651 23.52813432581662 10.81495700727926 3.29845809137753 2.55922086671513 1.80853028257295 1.17381429831748 1.25082675739697 0.42611958007173 0.00000000000000 0.00000000000000 -0.01626246315234 0.42376839167246 0.76023980655830 0.35102794283899 0.34184302417748 0.28719367259532 0.33014535892263 0.08967992687208
27.41816600919505 17.07951687606790 38.75559992932018 16.73278526157785 6.30670901199283 2.17798548012851 1.66710830172670 0.86836009579355 0.99884529582698 0.29909654164462 73.75309402953138 65.52134321130072 69.79117079460910 43.43544950372567 22.34819009220301 6.83639219837009 4.38016717802719 2.23383004827673 1.42652033785602 0.63122521431300 100.14930101092008 99.47966910452023 103.84585869099314 70.35223988116614 34.87476330824999 12.89614059726650 5.01226925451067 4.54783835790083 2.57378354480232 1.11987699937819 67.65030390870184 93.69646877276097 80.49456200702268 50.24639334312245 13.61530333314793 5.65746312908655 6.49603473566273 3.13786864712927 1.81765052708188 0.68278637500356 0.66128897700149 15.80656070782253 24.02939042697261 10.22157596494198 1.93041287550899 2.27820237377927 1.78513874202603 1.06460489775994 1.32395536262728 0.38954435059889 0.00000000000000 0.00000000000000 -0.03674765732081 0.31163086676391 0.69494676844647 0.23288501275165 0.29140500958849 0.25852570622530 0.29750775049780 0.06277549916664
22.93375853791807 14.85765630115551 16.73278526157785 29.74487168429097 6.64682033551096 0.67919355447508 1.31060890719767 0.73522005202442 0.84004548929188 0.20435702886502 62.73976705110675 59.55433728191076 58.00593767221282 39.09625232591802 16.52282789208554 5.04669712951854 3.82860844077396 1.82940946428432 1.20509988592372 0.52761570440396 84.79115282176748 85.14592281916204 92.35081862970731 60.88908403395438 28.71109154849500 11.08526963919208 4.36584767384583 3.80326950646564 2.05265292742248 0.94996302128547 57.57574729427373 79.80828520731474 69.56929855412990 41.62786255886324 11.49887705780276 4.45987100144704 5.35028954094237 2.63929914241046 1.47127522800995 0.56751758934599 0.33291646216285 12.00698395065014 20.50376975429392 7.56217022920670 1.50212950632683 1.48459750016441 1.25169647249754 0.88493149726418 1.00389558849503 0.31287487694193 0.00000000000000 0.00000000000000 -0.08674720893871 -0.04764846300492 0.34369809864427 0.14359750359453 0.15922084856814 0.18394515065509 0.18798658263086 0.03657060307997
7.59129220602285 7.82520928511806 6.30670901199283 6.64682033551096 16.54231481181079 2.45507714432850 0.46920871578461 0.51013772110380 0.39603247481590 0.17980088287727 14.86152119257127 21.61081861133604 26.81910226855314 20.43176053936648 16.43680321773969 6.37077774193314 2.52823558193586 1.27408569072356 0.73534371682283 0.34239985056579 23.60249907906033 30.49965260702398 38.39740391909493 38.31660093040617 25.13910207665928 13.45322921680149 4.09321942049516 2.69068296961699 1.34189031765177 0.60790200322550 22.43225307559492 43.52059734210219 45.01741690503222 45.42806098966264 29.63387675105026 11.60888873139794 5.77040687182785 3.24203683710500 1.35255373611523 0.79329159480218 0.39878720162140 11.51053165479725 24.82167357485690 18.61647019150759 11.72518082380498 5.31724465269898 2.69694035936288 1.72219804800201 1.08341815944639 0.56864480613307 0.00000000000000 0.00000000000000 0.39512735721411 1.91890723026455 1.70054449731847 0.98195450196079 0.67153853049292 0.40663556203831 0.51872915948371 0.21862610844179
1.73624989868021 2.03610817127657 2.17798548012851 0.67919355447508 2.45507714432850 2.29233074815552 0.30469099546035 0.11002550595606 0.10922187780287 0.07374650253246 0.89832820064169 3.93359459531143 5.97772844951865 7.08265978446631 4.23060069794580 2.61759786835016 0.62686385068820 0.37522687362484 0.20998017059702 0.10380284197844 3.21031762826151 5.57541516551375 7.78308624479072 10.41109923244086 8.26371322407592 4.49141611021149 1.25713263858602 0.82436594829727 0.43977913124549 0.17728800053828 4.98021753605780 11.60512024457360 12.84419316935585 15.82538373448070 11.21865080440876 4.50429273187330 2.03523508189481 1.16520378484819 0.47589055047079 0.28851767063340 0.22071131418030 4.28049824557411 8.50587282535802 7.31351238087304 4.63291940440509 2.19704745521556 1.09088887437506 0.63209662602175 0.41257444459975 0.21192785979365 0.00000000000000 0.00000000000000 0.18612708464221 0.89003711120909 0.74699861753201 0.40130617216043 0.28529051367432 0.16383218092341 0.21978416789373 0.08786953454407
2.00654664213807 1.45392302204269 1.66710830172670 1.31060890719767 0.46920871578461 0.30469099546035 0.92035705176950 0.05334022214076 0.02832677892725 0.03003115063553 4.49487272032204 4.65450681992894 5.21383708912721 4.00252643916545 2.15291641321793 0.49015248015271 0.38639005861252 0.10730308164149 0.08451692501883 0.05420406622156 6.50269061686641 6.64738725647986 7.33183774838734 5.71446005954403 3.31637224829284 1.43607992893452 0.43860108386885 0.36484679395492 0.22213563317993 0.09546739609573 4.86786062703368 7.22902139658412 6.66434189482823 5.33727160270389 2.40685221621590 0.98869366139046 0.69978902770843 0.36808076180189 0.18720155101420 0.08283619952820 0.08125211635166 1.59965839528176 2.57138446911713 1.64953430951013 0.73756598344474 0.46115853999885 0.26837220053434 0.15019293501786 0.14028614773566 0.05267838521805 0.00000000000000 0.00000000000000 0.02524411166866 0.15458056329662 0.15088616260763 0.06961999323603 0.05855672257580 0.03809805202841 0.05149820761033 0.01544174761418
0.97227275890284 0.80100996605030 0.86836009579355 0.73522005202442 0.51013772110380 0.11002550595606 0.05334022214076 0.30286752015166 0.01679835826095 0.00738848019823 2.33778378882542 2.54966472088083 2.88081987117345 2.23126670658408 1.37824154072252 0.54473696673909 0.10604658205746 0.09285038494624 0.02766051557359 0.02392516676699 3.34408773566481 3.79099115338711 4.15479380778810 3.38702144368752 2.01831377244115 0.98932918556461 0.32651845848987 0.21183002198632 0.10883730475657 0.05463676501160 2.53094919232687 4.22058580428314 4.00325053384587 3.33290782046855 1.74861320627694 0.70301568194410 0.42715076165765 0.23525792317754 0.11029885258220 0.05731359147733 0.03276302938646 0.92666380178308 1.79449084949759 1.15017572651806 0.63737924816059 0.31866797479012 0.17751223666907 0.11086127083035 0.08533147824762 0.03773815557754 0.00000000000000 0.00000000000000 0.01841715566803 0.10329340809852 0.10174480753531 0.05510051523566 0.04066702651096 0.02736897529215 0.03243146201968 0.01280820792908
1.28055369017812 0.89279264039858 0.99884529582698 0.84004548929188 0.39603247481590 0.10922187780287 0.02832677892725 0.01679835826095 0.32644842029336 0.00331495859176 3.32493493393337 3.11466123338358 3.33524717288524 2.21925835087501 1.10625841311538 0.36259409342201 0.21936833864606 0.04447353459590 0.07315510295268 0.00057200924821 4.58735683431035 4.67524399647366 4.82553060837636 3.27062180464568 1.66737393522080 0.65453728869925 0.25079844031355 0.22269965961966 0.10802769420595 0.04221717845334 3.10252749501655 4.47650293191308 3.84869735089120 2.46510380435894 0.73526321108700 0.32272926803726 0.32000740479168 0.16090220546302 0.09068213324320 0.03989429720220 0.03032021247132 0.78746343524276 1.28607247673475 0.59068837474242 0.17561512970207 0.13941791641227 0.10233820620567 0.06123736851298 0.06948366392745 0.02214809637479 0.00000000000000 0.00000000000000 0.00055783456771 0.02773508282275 0.04618485432726 0.01905431588074 0.01920297964716 0.01625421004095 0.01695316012838 0.00496564165979
0.37490767683921 0.25805795990283 0.29909654164462 0.20435702886502 0.17980088287727 0.07374650253246 0.03003115063553 0.00738848019823 0.00331495859176 0.03438632234168 0.60300309528972 0.66399226520571 0.80354866363966 0.71466736975460 0.40226461350302 0.16421103916615 0.07177965023760 0.04309457806913 0.00100988415972 0.00701158916770 0.98694091561000 1.02432832105922 1.01449140241408 0.90618332926086 0.65227893345643 0.28454524342620 0.08977343993282 0.07831428507768 0.05080215533007 0.00785369816576 0.77422436195191 1.25958142696702 1.14128623210454 1.14098523266057 0.56810940679525 0.25391726177150 0.14788656472510 0.07663111569410 0.03986941281241 0.01995977371484 0.02897841358826 0.40291845799233 0.56148406007005 0.45676442278367 0.21262334647018 0.13679602130741 0.07701594083810 0.03516621947221 0.03620235666703 0.01302656816389 0.00000000000000 0.00000000000000 0.01095025758759 0.05917265675053 0.05311539858286 0.02149030349670 0.01948582172851 0.01116586370267 0.01542766547824 0.00489329434493
93.78234441633109 61.48755129451249 73.75309402953138 62.73976705110675 14.86152119257127 0.89832820064169 4.49487272032204 2.33778378882542 3.32493493393337 0.60300309528972 407.35175855622037 242.77170534182039 254.04509224222849 140.00143113336915 53.48045936701232 6.08594602792474 11.15445491039335 5.84327638969651 4.25923843786114 1.79620049776496 375.59719963181158 365.89937585604565 372.39626265273995 209.85568510890687 77.81770792351729 17.26739594592011 10.66215279857076 12.52149732906714 7.18602697029453 3.24583491161807 240.69018059444210 297.78424385388877 230.76236539040903 75.68454530021229 -37.90579272352233 -13.79635233307148 9.94565546266529 3.29832632955011 3.66483975857812 0.47970651406749 0.71753184606935 30.03660235858190 31.43364211664776 -17.68344559035751 -29.54990554694620 -8.73219878519083 -1.44617740932450 -0.65218906225067 2.14164456008248 -0.10026090142030 0.00000000000000 0.00000000000000 -1.66785604889513 -6.05588111775740 -3.19410165875946 -2.19597383520599 -1.10491132654626 -0.22434400460816 -0.57157041862169 -0.42070993686149
85.27933958348983 56.12230912206666 65.52134321130072 59.55433728191076 21.61081861133604 3.93359459531143 4.65450681992894 2.54966472088083 3.11466123338358 0.66399226520571 242.77170534182039 324.88067701714863 229.31654787605819 140.31869643563959 68.44822061476805 17.41013303617849 13.24430879342413 6.48122032574374 4.48715818264664 1.90326372637286 331.16173278948247 320.49246477610410 342.64356227266921 221.26402248415928 97.46139500657289 33.00509466969802 14.33529142938642 13.44369120518960 7.34120694401435 3.41394350140324 220.62326902060369 289.76264979494727 246.69157321295754 127.95150967851573 18.03659041422303 6.43931949833667 16.46392261342342 7.69379463340572 4.78381811249739 1.57682183397531 0.87783887842838 37.69555808133563 59.59597006785943 12.03442113450729 -5.85807998257205 0.55797958478666 2.29081320470650 1.92934930833439 3.00216719516673 0.72338846724180 0.00000000000000 0.00000000000000 -0.86002304542317 -2.40354484024075 -0.45253796541994 -0.42120658101339 -0.04409882747249 0.35038547921353 0.25456597115387 -0.06944323520502
90.92833868711530 60.20954033967950 69.79117079460910 58.00593767221282 26.81910226855314 5.97772844951865 5.21383708912721 2.88081987117345 3.33524717288524 0.80354866363966 254.04509224222849 229.31654787605819 352.94279313568620 157.88842611679556 71.57866168344509 23.27717631744717 15.27355629519339 7.29771991110815 4.86185021108626 2.11979713324020 347.58462159289934 338.62352510794057 365.16313893935046 237.44042559124932 113.80281814660454 44.55324481847643 17.47582165962210 15.39918529621661 8.26972521625816 3.82368772098681 232.85174580146958 322.45576957320736 278.10189517058160 163.41456645543104 43.71888920756928 16.89080005545509 21.07477778621640 10.14683368658670 5.81935433329617 2.21475844290825 1.25896586395245 47.06221042873828 80.23504499302243 28.83652294473034 5.19521951492273 5.39090894364787 4.75527532346905 3.42531489379702 3.89801847599296 1.18506031254074 0.00000000000000 0.00000000000000 -0.39980989996776 -0.50133915502289 1.14134292952748 0.49807827827769 0.57728014304815 0.70408905950634 0.68504166012242 0.14866753973580
55.24773820294968 42.01769370733091 43.43544950372567 39.09625232591802 20.43176053936648 7.08265978446631 4.00252643916545 2.23126670658408 2.21925835087501 0.71466736975460 140.00143113336915 140.31869643563959 157.88842611679556 188.84900588268169 71.52371988382392 20.95209375617940 12.06792642694003 5.79595154291833 3.51679680867408 1.57090831376741 198.26070835339874 207.93386852293921 228.78426300869239 177.08346297825946 92.73149510124762 41.94651472936933 15.03086283956466 11.73078585989790 6.18112286053258 2.81541862886066 147.48305139366593 222.08342619366979 207.99644009231343 158.05030317006248 73.85095177176697 28.85274513069866 20.34918716294218 10.66599182082504 5.16584963350774 2.45278224236661 1.52932621802963 42.85792054247239 80.17003594497653 46.97076131179856 23.07374316122057 12.24229676086066 7.07997590100139 4.53643859513191 3.76919604009700 1.52725357639012 0.00000000000000 0.00000000000000 0.57366842289392 3.41869573674317 3.71247262365831 1.93583972240957 1.45736247499036 1.04021737332401 1.28210344254455 0.42490514406802
21.76404764177703 21.62831267297546 22.34819009220301 16.52282789208554 16.43680321773969 4.23060069794580 2.15291641321793 1.37824154072252 1.10625841311538 0.40226461350302 53.48045936701232 68.44822061476805 71.57866168344509 71.52371988382392 88.34222764839804 21.50901480057692 6.41610158617207 3.36368272600527 2.05701707921603 0.92175689092948 79.68014320856173 96.23307265395998 120.99580566994659 100.94098669803277 66.66949135692275 32.01547375474024 9.98056301291532 7.18451297016794 3.53133187693430 1.65838049527341 68.44791068947607 122.64392841893118 125.51519258096482 115.52592539731162 71.56802041024065 27.32214576118724 14.59523016843740 8.11223056944985 3.37134144731915 1.97011773612464 0.72880729898509 27.92752902845028 62.69355638075779 43.17118836860865 27.09046678899292 11.96043364710694 6.11031931830701 4.14500744434205 2.57076498812072 1.34398270970099 0.00000000000000 0.00000000000000 0.78805122453972 3.85948687698859 3.60192013999756 2.16530217134413 1.43896740707502 0.92378086632175 1.12886928915123 0.48583170938071
3.54084699113037 6.64996673951993 6.83639219837009 5.04669712951854 6.37077774193314 2.61759786835016 0.49015248015271 0.54473696673909 0.36259409342201 0.16421103916615 6.08594602792474 17.41013303617849 23.27717631744717 20.95209375617940 21.50901480057692 20.29973357488105 3.64842040551767 1.10393928126160 0.79883860394881 0.35958736039068 12.50965211850801 23.38622337756390 36.44855906334287 42.33357026259765 27.19830234591043 16.80740373276063 4.49517835639108 2.68623717331713 1.31749725469916 0.65003933903601 17.95176857939222 43.43010846852457 49.86123051924197 55.78978407064676 41.51479618975133 15.70557034244194 6.93238473051348 4.11065693924268 1.55854462052418 1.02998044362780 0.23988188362022 12.19850549641001 31.78524237213266 24.71303034696928 17.12506345935709 7.07741434366825 3.41207502483520 2.33496884241944 1.21277440609668 0.75212546651069 0.00000000000000 0.00000000000000 0.53964315613327 2.52548059452294 2.24652360218285 1.39536689875779 0.88236658527073 0.53133514315260 0.65662545636860 0.30320062383398
4.25235622421512 4.05060617736740 4.38016717802719 3.82860844077396 2.52823558193586 0.62686385068820 0.38639005861252 0.10604658205746 0.21936833864606 0.07177965023760 11.15445491039335 13.24430879342413 15.27355629519339 12.06792642694003 6.41610158617207 3.64842040551767 5.80616451010108 0.74504898281623 0.22045801784230 0.17202913976439 16.01777371696575 18.88524520713499 22.84132452288289 19.82876728710549 11.78047483321231 5.36735550656257 2.04005424202525 0.98377863184714 0.52866675952686 0.30652004364231 12.93298108034154 22.84588940676304 22.65758415638997 19.72644516738436 11.91843142217703 4.63334315438971 2.48626566128470 1.34988523751791 0.58891441446159 0.34322379164037 0.09651852727980 4.76816891889273 10.97389090149314 7.17915867101716 4.45552471104352 1.96148697143976 1.02560696848148 0.72653292492669 0.45599488735364 0.23664116703609 0.00000000000000 0.00000000000000 0.11664582932015 0.58522410632269 0.58355840206944 0.36708788692699 0.24090560887616 0.15957959572254 0.18790180508061 0.08299901696906
2.55489273404368 2.01217463847145 2.23383004827673 1.82940946428432 1.27408569072356 0.37522687362484 0.10730308164149 0.09285038494624 0.04447353459590 0.04309457806913 5.84327638969651 6.48122032574374 7.29771991110815 5.79595154291833 3.36368272600527 1.10393928126160 0.74504898281623 1.22419877442261 0.28117654879610 0.06420745280203 8.59432701001058 9.15154093197987 10.57183628215423 8.45826168163906 5.02100041519436 2.32609111821421 0.53992788210409 0.54198757112195 0.25208092388978 0.11841163545660 6.66803095730074 10.40728404264306 9.89987440774068 8.33894094161872 4.28326105873161 1.73216138199248 1.10685238358750 0.55425933994129 0.25401272013540 0.13683535048274 0.10530496418212 2.35895589939336 4.26672364291877 2.80261421055685 1.46272061853822 0.78265801633736 0.43591419089150 0.26329220178628 0.22043278282970 0.09019777894907 0.00000000000000 0.00000000000000 0.04946339827422 0.26036787610413 0.25581142628291 0.12999916635620 0.09846796471300 0.06564910546236 0.08241763778471 0.02826009564460
1.62726521022571 1.30202326484826 1.42652033785602 1.20509988592372 0.73534371682283 0.20998017059702 0.08451692501883 0.02766051557359 0.07315510295268 0.00100988415972 4.25923843786114 4.48715818264664 4.86185021108626 3.51679680867408 2.05701707921603 0.79883860394881 0.22045801784230 0.28117654879610 0.75020983357365 0.06649401688007 5.80810762166238 6.29704660381892 7.09155712631564 5.38834480393935 2.93764280428063 1.37686407163065 0.47256884156145 0.21879764490947 0.25927880305883 0.05101906607915 4.20395945441381 6.52308024249131 6.11242701416523 4.63651139391904 2.23273941306282 0.87080988686110 0.60284426511909 0.32868118123355 0.14085859643175 0.06711550861919 0.03540027694993 1.25238607049058 2.46120189453768 1.40759037380108 0.73387382696943 0.37347614561530 0.21406485143677 0.14493330972627 0.11476097132637 0.05174529520617 0.00000000000000 0.00000000000000 0.01515129110639 0.09929796969985 0.11490534408270 0.06462715245502 0.04692304651934 0.03442899556618 0.03987591599814 0.01481443133907
0.71190342679032 0.57476165493132 0.63122521431300 0.52761570440396 0.34239985056579 0.10380284197844 0.05420406622156 0.02392516676699 0.00057200924821 0.00701158916770 1.79620049776496 1.90326372637286 2.11979713324020 1.57090831376741 0.92175689092948 0.35958736039068 0.17202913976439 0.06420745280203 0.06649401688007 0.11628850985955 2.53199472392619 2.74718952720879 3.08990172026131 2.42185389091767 1.36462255098042 0.63958860674140 0.21873445483399 0.16800829403505 0.04688795590912 0.02922659683849 1.90643205360120 3.00485736806381 2.81904612441470 2.22465681967025 1.11226882305093 0.43999150186276 0.28703718060789 0.15612911815079 0.07629397455760 0.02992360763502 0.02014992236893 0.60736305048432 1.16879018956360 0.71047487241172 0.37673465124635 0.19190931743269 0.10847923402758 0.07060589289768 0.05578922950624 0.02533820806577 0.00000000000000 0.00000000000000 0.00965684660368 0.05624028610046 0.05920092429613 0.03292188376732 0.02423112170729 0.01680378884446 0.02011691526819 0.00764338561677
136.90348528047014 86.06921764709878 100.14930101092008 84.79115282176748 23.60249907906033 3.21031762826151 6.50269061686641 3.34408773566481 4.58735683431035 0.98694091561000 375.59719963181158 331.16173278948247 347.58462159289934 198.26070835339874 79.68014320856173 12.50965211850801 16.01777371696575 8.59432701001058 5.80810762166238 2.53199472392619 662.38629135191377 490.02740271604347 504.05289604105946 299.28299470399463 122.35646543874917 32.05317270186385 16.58389257381994 18.33551332924981 10.56685904745559 4.64508110414369 321.75911975221851 418.00894676596840 337.56685355156424 141.88608682988792 -23.91638854939643 -7.24266324501647 18.53621608862378 7.28042163591460 6.13740551402749 1.33975417783307 1.75394656687856 51.65823587596213 61.59631610215145 -5.39331204762897 -29.46518621279915 -6.33039894107241 0.75104707374703 0.42624536596392 3.96266016170171 0.31556249848973 0.00000000000000 0.00000000000000 -1.69463502863946 -5.71805590989737 -2.23142505979298 -2.09696932071538 -0.78318749986975 0.06318137961097 -0.19664337728785 -0.36763858204752
129.54575657955073 86.05811645285915 99.47966910452023 85.14592281916204 30.49965260702398 5.57541516551375 6.64738725647986 3.79099115338711 4.67524399647366 1.02432832105922 365.89937585604571 320.49246477610410 338.62352510794057 207.93386852293921 96.23307265395998 23.38622337756390 18.88524520713499 9.15154093197987 6.29704660381892 2.74718952720879 490.02740271604347 610.29517047473905 496.53768086747880 315.46933625070506 148.52992265517446 52.14227819235840 21.46440790715987 20.26383523779902 11.34126626346805 5.03783298369591 321.99003029887285 442.13300099243958 365.35736301954995 189.97096912354854 23.57720368985700 11.10220393322004 24.05180672574894 11.08705061186390 7.21269213384781 2.43116870231190 1.52331535041780 61.26272353150272 97.88533603828988 23.65428365534990 -6.00488076899365 2.12059579910130 4.66583964459730 3.26415639211255 5.00264223888722 1.25720946871346 0.00000000000000 0.00000000000000 -1.02849496588422 -2.58252080928939 0.48341113216988 -0.23040054140939 0.31419176039205 0.72804290532130 0.49811967782325 0.08017891096427
128.64323668465079 92.45179943372108 103.84585869099314 92.35081862970731 38.39740391909493 7.78308624479072 7.33183774838734 4.15479380778810 4.82553060837636 1.01449140241408 372.39626265273995 342.64356227266921 365.16313893935046 228.78426300869239 120.99580566994659 36.44855906334287 22.84132452288289 10.57183628215423 7.09155712631564 3.08990172026131 504.05289604105946 496.53768086747880 686.98849942722165 370.27612628775370 166.64626113376607 69.77915303987336 26.90828291157163 23.09886936379340 11.81139486655107 5.70248728731674 358.86681139743644 480.78210463558571 426.19402371238743 246.33206192543409 73.08294070151796 28.34719401806174 32.71052914288423 16.28617697074251 8.72554519064462 3.55346762664786 1.14986222734873 69.20664384797803 129.09138649474571 46.44703996506110 11.93481126994966 8.40867690301678 6.99064756922694 5.69934746877043 5.73261645974738 1.92345842727854 0.00000000000000 0.00000000000000 -0.64168047213293 -1.01704453530412 1.77456835832368 1.04101593359763 0.83979134282383 1.09158890928594 1.08801617785493 0.25791141262016
76.13089914375422 63.62319708073145 70.35223988116614 60.88908403395438 38.31660093040617 10.41109923244086 5.71446005954403 3.38702144368752 3.27062180464568 0.90618332926086 209.85568510890687 221.26402248415928 237.44042559124932 177.08346297825946 100.94098669803277 42.33357026259765 19.82876728710549 8.45826168163906 5.38834480393935 2.42185389091767 299.28299470399463 315.46933625070506 370.27612628775370 386.66041633366592 164.20354348639839 71.39423135042273 25.64377781609324 18.76600903073522 9.24449974828685 4.50300970836568 227.62668064237252 359.91389054615723 336.19969567653760 257.83485805794032 129.52752498227974 49.47851771465769 33.03123946310823 17.71295698077061 8.16872733871375 4.15208568117127 1.26237903985783 64.23572086469339 139.39779960043978 80.11002091725473 44.20367719921759 20.28761093081113 11.37818230197158 8.14373197979508 5.68480314014728 2.66102919833833 0.00000000000000 0.00000000000000 0.95337553486253 5.18415994494216 5.88301181896291 3.61618295493148 2.38582844014336 1.70822689335120 1.99864600089775 0.80533187811696
33.29406239081185 31.57800768565232 34.87476330824999 28.71109154849500 25.13910207665928 8.26371322407592 3.31637224829284 2.01831377244115 1.66737393522080 0.65227893345643 77.81770792351729 97.46139500657289 113.80281814660454 92.73149510124762 66.66949135692275 27.19830234591043 11.78047483321231 5.02100041519436 2.93764280428063 1.36462255098042 122.35646543874917 148.52992265517446 166.64626113376607 164.20354348639839 150.38441636510464 53.34194348871414 14.74928266492564 11.02159440254336 5.55454958750898 2.52683746108342 104.62530621097373 192.07070722578936 193.28766444955372 173.95671542712964 108.50161398769846 41.12990076870879 21.68479863360850 12.29941848179256 5.30262853421080 3.02052249291106 1.34426362422968 44.77977893047188 97.84732250237175 68.50155105266576 41.78159746060510 18.71733282888860 9.77928920942607 6.33430351652165 4.08321709044069 2.07552442171191 0.00000000000000 0.00000000000000 1.32128080417585 6.42409396088053 5.99927653969830 3.42859985458869 2.33255851963980 1.45382780615368 1.79604679420767 0.77111253010039
8.07969886787042 12.35761798080525 12.89614059726650 11.08526963919208 13.45322921680149 4.49141611021149 1.43607992893452 0.98932918556461 0.65453728869925 0.28454524342620 17.26739594592011 33.00509466969802 44.55324481847643 41.94651472936933 32.01547375474024 16.80740373276063 5.36735550656257 2.32609111821421 1.37686407163065 0.63958860674140 32.05317270186385 52.14227819235840 69.77915303987336 71.39423135042273 53.34194348871414 43.90859026680802 8.96355725540713 5.01160306829806 2.50446134684614 1.19849103823209 36.79553059061796 84.87547265407871 92.41771567234269 97.82065470944809 68.05218993846016 26.64799743962222 11.64713989771283 6.86440235149034 2.72770636388429 1.78329859301782 0.44723370584897 22.48144405992973 56.61047007637009 42.68294695165959 29.10517445650452 12.04753669051808 5.91350372923235 4.04149123438493 2.18817628884040 1.29982339191381 0.00000000000000 0.00000000000000 0.93173692822955 4.23522466204161 3.78291399534722 2.36474658032432 1.51450203654311 0.91527546033237 1.11265614319649 0.53341412215123
4.31404135819654 4.70048624619023 5.01226925451067 4.36584767384583 4.09321942049516 1.25713263858602 0.43860108386885 0.32651845848987 0.25079844031355 0.08977343993282 10.66215279857076 14.33529142938642 17.47582165962210 15.03086283956466 9.98056301291532 4.49517835639108 2.04005424202525 0.53992788210409 0.47256884156145 0.21873445483399 16.58389257381994 21.46440790715987 26.90828291157163 25.64377781609324 14.74928266492564 8.96355725540713 6.89365165869472 1.75019916646884 0.66996409081440 0.40802662480932 15.19544258061594 29.13103721463907 30.07840115204147 28.58963244576982 18.65315887481209 6.87161134104976 3.56734395597359 1.87508720307185 0.78639965393211 0.50333682242263 0.13796349361518 6.70028956637525 15.97084896636004 11.22457898119226 7.29918519105805 3.14779742420195 1.57710391421467 1.06936385897807 0.62934563535479 0.35422357227312 0.00000000000000 0.00000000000000 0.21992008441634 1.03677570843927 0.96328860720706 0.59830049493960 0.38601155115574 0.24331019416393 0.29904556480553 0.13408056695322
4.94156359459704 4.10172264134047 4.54783835790083 3.80326950646564 2.69068296961699 0.82436594829727 0.36484679395492 0.21183002198632 0.22269965961966 0.07831428507768 12.52149732906714 13.44369120518960 15.39918529621661 11.73078585989790 7.18451297016794 2.68623717331713 0.98377863184714 0.54198757112195 0.21879764490947 0.16800829403505 18.33551332924981 20.26383523779902 23.09886936379340 18.76600903073522 11.02159440254336 5.01160306829806 1.75019916646884 2.87289822692797 0.67977008936899 0.26020317107668 14.48176115251541 23.34194333567955 22.20467621798189 18.18192495455469 9.68246088192807 3.88990214505430 2.15283461840248 1.13675006659839 0.50498023582830 0.28553389519670 0.15826941724369 4.91211321803285 9.77453819178584 6.22089975284171 3.44897680431632 1.68674064770959 0.94738341311946 0.59524028934366 0.43020301714811 0.20198848859371 0.00000000000000 0.00000000000000 0.10125291537888 0.52776929799669 0.53742609859206 0.29930550929238 0.21423130782353 0.14340995541710 0.17558311498715 0.07084872347129
3.07637557714150 2.28899445890419 2.57378354480232 2.05265292742248 1.34189031765177 0.43977913124549 0.22213563317993 0.10883730475657 0.10802769420595 0.05080215533007 7.18602697029453 7.34120694401435 8.26972521625816 6.18112286053258 3.53133187693430 1.31749725469916 0.52866675952686 0.25208092388978 0.25927880305883 0.04688795590912 10.56685904745559 11.34126626346805 11.81139486655107 9.24449974828685 5.55454958750898 2.50446134684614 0.66996409081440 0.67977008936899 1.15596756835048 0.14912866477342 7.74896519962795 12.31019131861864 11.16942905262176 8.98187213175598 4.18672274873954 1.75659328519361 1.16790697426297 0.52186299597827 0.31535283967446 0.11851232831587 0.12955998124262 2.77480139894216 4.65758247208958 2.95085865629953 1.39999643377155 0.80938541839191 0.47516425578070 0.27350564609742 0.23992730390691 0.09141417524451 0.00000000000000 0.00000000000000 0.04252788336056 0.27325515803661 0.27948609008715 0.12766262105651 0.10821379686929 0.07257482125056 0.09084948355826 0.03314806059046
1.24850111550723 1.01025624546209 1.11987699937819 0.94996302128547 0.60790200322550 0.17728800053828 0.09546739609573 0.05463676501160 0.04221717845334 0.00785369816576 3.24583491161807 3.41394350140324 3.82368772098681 2.81541862886066 1.65838049527341 0.65003933903601 0.30652004364231 0.11841163545660 0.05101906607915 0.02922659683849 4.64508110414369 5.03783298369591 5.70248728731674 4.50300970836568 2.52683746108342 1.19849103823209 0.40802662480932 0.26020317107668 0.14912866477342 0.21489106292688 3.52926226496768 5.61107816187714 5.25491984564934 4.10667892382849 2.07239856335711 0.81246735952922 0.53096637720352 0.29083791018731 0.11026787847438 0.04039628010123 0.03023120027052 1.07683747561332 2.18830831352044 1.31475381756094 0.70836129113372 0.34584153503786 0.19538631717052 0.13289474333468 0.10133188931158 0.04175749417594 0.00000000000000 0.00000000000000 0.01774742358990 0.09821353059830 0.10603370830675 0.06132894745829 0.04306943308537 0.02979335339218 0.03613034419822 0.01463407650637
88.13964280320828 59.15813286588085 67.65030390870184 57.57574729427373 22.43225307559492 4.98021753605780 4.86786062703368 2.53094919232687 3.10252749501655 0.77422436195191 240.69018059444210 220.62326902060369 232.85174580146958 147.48305139366593 68.44791068947607 17.95176857939222 12.93298108034154 6.66803095730074 4.20395945441381 1.90643205360120 321.75911975221851 321.99003029887285 358.86681139743644 227.62668064237252 104.62530621097373 36.79553059061796 15.19544258061594 14.48176115251541 7.74896519962795 3.52926226496768 330.65427470530909 303.56282653210639 271.16299996252536 156.57013773552498 34.60249150603291 14.55532493712379 20.67909047301114 9.96373559997505 5.78285064776894 2.15528438972103 2.02282103696706 45.65780724882610 73.75229449938868 27.79205214447387 1.94352997707768 4.84358836201816 4.73976639294036 3.34964155564760 4.22609178571306 1.17808082698122 0.00000000000000 0.00000000000000 -0.50847077257782 -0.43207803457741 1.52672479051518 0.59761672022460 0.72367289233211 0.84398507586917 0.99072798631244 0.19323354203751
110.28954770701120 83.73247869598654 93.69646877276097 79.80828520731474 43.52059734210219 11.60512024457360 7.22902139658412 4.22058580428314 4.47650293191308 1.25958142696702 297.78424385388877 289.76264979494727 322.45576957320736 222.08342619366979 122.64392841893118 43.43010846852457 22.84588940676304 10.40728404264306 6.52308024249131 3.00485736806381 418.00894676596840 442.13300099243958 480.78210463558571 359.91389054615723 192.07070722578936 84.87547265407871 29.13103721463907 23.34194333567955 12.31019131861864 5.61107816187714 303.56282653210639 576.11088906507632 423.83481809193682 303.72326415748722 133.64930891894889 53.47393360441328 39.53647253444044 20.57058552320512 10.29420495242441 4.89805891684482 2.10726765699923 83.47713365785138 159.92623328668861 88.91782878085705 42.56949033846902 21.99414342584040 13.72966635655518 9.51071530331324 7.87492123050414 3.22677749283436 0.00000000000000 0.00000000000000 0.59982114721700 5.16965799975229 7.15600604743428 4.01281496387204 3.03054119108418 2.29463836156155 2.62396017660168 1.03854265850259
87.10967753963824 72.94324088500554 80.49456200702268 69.56929855412990 45.01741690503222 12.84419316935585 6.66434189482823 4.00325053384587 3.84869735089120 1.14128623210454 230.76236539040903 246.69157321295754 278.10189517058160 207.99644009231343 125.51519258096482 49.86123051924197 22.65758415638997 9.89987440774068 6.11242701416523 2.81904612441470 337.56685355156424 365.35736301954995 426.19402371238743 336.19969567653760 193.28766444955372 92.41771567234269 30.07840115204147 22.20467621798189 11.16942905262176 5.25491984564934 271.16299996252536 423.83481809193682 485.48565204896249 319.87803146432714 163.61908025684707 66.27367551422485 41.66236565781878 22.54884218615379 10.24237652482805 5.40227545572368 1.93607773735538 82.29404158398300 175.13228460472175 105.58526304921091 58.21866690818419 27.46310523527264 15.47511537545207 10.87825216995483 7.75136620375312 3.61020322410961 0.00000000000000 0.00000000000000 1.28608608443412 7.75167268320612 8.63810271967641 5.14844353839516 3.56077300915722 2.52513801800655 3.00721381420548 1.23116787675681
41.35676566357252 46.89887595673369 50.24639334312245 41.62786255886324 45.42806098966264 15.82538373448070 5.33727160270389 3.33290782046855 2.46510380435894 1.14098523266057 75.68454530021229 127.95150967851573 163.41456645543104 158.05030317006248 115.52592539731162 55.78978407064676 19.72644516738436 8.33894094161872 4.63651139391904 2.22465681967025 141.88608682988792 189.97096912354854 246.33206192543409 257.83485805794032 173.95671542712964 97.82065470944809 28.58963244576982 18.18192495455469 8.98187213175598 4.10667892382849 156.57013773552498 303.72326415748722 319.87803146432714 384.95748634101255 222.85307777402835 84.41161728267963 42.38764693132161 24.12136279480008 9.77262344903172 5.96383931882886 2.62411126907055 83.46191089637780 183.15359347246724 138.83356958651837 87.70016515547958 38.64245119881727 19.62316884217647 12.88977710151190 7.84670913070289 4.24810775258497 0.00000000000000 0.00000000000000 2.89973116809937 14.20777780204081 12.80670233870937 7.42142049782164 5.01007958613444 3.08455771255336 3.93250402544779 1.68387710819176
-4.89122713027956 14.94042493096493 13.61530333314793 11.49887705780276 29.63387675105026 11.21865080440876 2.40685221621590 1.74861320627694 0.73526321108700 0.56810940679525 -37.90579272352233 18.03659041422303 43.71888920756928 73.85095177176697 71.56802041024065 41.51479618975133 11.91843142217703 4.28326105873161 2.23273941306282 1.11226882305093 -23.91638854939643 23.57720368985700 73.08294070151796 129.52752498227974 108.50161398769846 68.05218993846016 18.65315887481209 9.68246088192807 4.18672274873954 2.07239856335711 34.60249150603291 133.64930891894889 163.61908025684707 222.85307777402835 209.40237139831919 70.13368905310932 27.17819082995999 16.97196787559745 5.96721054790060 4.31105822872168 1.13375027994040 48.64258157510926 130.23897967186599 107.85291863776243 77.69631432826257 31.39640773861140 14.57218506129190 10.03440619377049 4.90293498561536 3.23789709873995 0.00000000000000 0.00000000000000 2.66242712098774 12.05288599805943 10.20625436819924 6.32973718974586 3.98941013797677 2.32867367906836 2.98900160096555 1.40206193135504
-0.79979144167767 6.13891070521669 5.65746312908655 4.45987100144704 11.60888873139794 4.50429273187330 0.98869366139046 0.70301568194410 0.32272926803726 0.25391726177150 -13.79635233307148 6.43931949833667 16.89080005545509 28.85274513069866 27.32214576118724 15.70557034244194 4.63334315438971 1.73216138199248 0.87080988686110 0.43999150186276 -7.24266324501647 11.10220393322004 28.34719401806174 49.47851771465769 41.12990076870879 26.64799743962222 6.87161134104976 3.88990214505430 1.75659328519361 0.81246735952922 14.55532493712379 53.47393360441328 66.27367551422485 84.41161728267963 70.13368905310932 32.29872154377214 11.04843564983338 6.45660195496115 2.39711232027996 1.70825486299106 0.57937271659817 20.09654718875433 51.09944687855558 43.44113255814917 29.89015817725985 12.70694341406572 5.91254908585842 3.93843265228811 2.06854802627141 1.29787092991161 0.00000000000000 0.00000000000000 1.06213742053910 4.86054967143086 4.18687568052533 2.55834352116780 1.64506869586639 0.95650507558522 1.23301912327460 0.57005417279235
5.42412171819713 6.08857316056799 6.49603473566273 5.35028954094237 5.77040687182785 2.03523508189481 0.69978902770843 0.42715076165765 0.32000740479168 0.14788656472510 9.94565546266529 16.46392261342342 21.07477778621640 20.34918716294218 14.59523016843740 6.93238473051348 2.48626566128470 1.10685238358750 0.60284426511909 0.28703718060789 18.53621608862378 24.05180672574894 32.71052914288423 33.03123946310823 21.68479863360850 11.64713989771283 3.56734395597359 2.15283461840248 1.16790697426297 0.53096637720352 20.67909047301114 39.53647253444044 41.66236565781878 42.38764693132161 27.17819082995999 11.04843564983338 8.53068157383639 2.99908372097541 1.16486382383226 0.78090241657908 0.34824858234008 10.53950314341922 23.31816515248025 17.76789599038177 11.28723333231342 4.93787772553501 2.50456784758572 1.59638091943555 0.98777297814564 0.55076852336599 0.00000000000000 0.00000000000000 0.36291732959651 1.77993054979989 1.63885704890901 0.98338910565356 0.65458925157501 0.39766859797137 0.51184605732960 0.21888349865238
2.23262676794324 3.07067943820516 3.13786864712927 2.63929914241046 3.24203683710500 1.16520378484819 0.36808076180189 0.23525792317754 0.16090220546302 0.07663111569410 3.29832632955011 7.69379463340572 10.14683368658670 10.66599182082504 8.11223056944985 4.11065693924268 1.34988523751791 0.55425933994129 0.32868118123355 0.15612911815079 7.28042163591460 11.08705061186390 16.28617697074251 17.71295698077061 12.29941848179256 6.86440235149034 1.87508720307185 1.13675006659839 0.52186299597827 0.29083791018731 9.96373559997505 20.57058552320512 22.54884218615379 24.12136279480008 16.97196787559745 6.45660195496115 2.99908372097541 2.62139781192519 0.69331205137268 0.43058921794422 0.16711105508699 5.79688976355147 13.50384755810290 10.46123648364586 6.88811900284378 3.03464416826491 1.42249448349800 0.95554421177487 0.54133408671535 0.31546744302732 0.00000000000000 0.00000000000000 0.21601816554665 1.06885187789233 0.97685040603476 0.59619734490098 0.39460715325678 0.23983968962152 0.30207966161468 0.13088491201160
