63861.312222101202 14648.591952125345 21624.351518412783 14541.347222301911 4103.0503918686309 2609.4809801833862 6814.9123388089447 3894.1919035472861 9001.3607476294928 21768.845878222142 38159.730832697838 32118.616222698194 22289.637753206352 12458.85802847442 5852.5748966291258 3126.0008127832734 14262.694447709349 15306.521718638991 3965.7806035465073 9460.010347069212 38195.23237936855 19670.341553199676 20390.490317341628 10604.345775710826 6162.9701775694275 2506.203878032532 5490.4908669107517 23091.028737380442 11026.24330593022 22845.281345585518 32336.029117213551 17803.665313467132 18667.236208808161 10585.700464027723 4447.1516141325437 -988.33647324849858 2813.6937138618628 9853.3907773307455 2023.9723504825363 15557.758925717504 13602.687350089274 13278.061122374012 10940.140696467708 6232.407230779133 -977.83310091093949 -809.59882393357452 2976.0100178268617 8844.9972652278375 966.92825238031867 3037.7041960882766 131.34948395159279 888.20115629339477 2769.1406030448966 1310.9097971742044 -617.78133196805629 -1295.6724298314446 1508.5507355920897 1256.4920779380816 524.90976325344036 771.05608026808022 0 0 -40.607615784893738 112.91012313017833 -825.78120607326798 -892.29006079498868 353.21443460569276 -1123.8551022131589 732.6171729706756 1412.1170762067823 0 0 0 0 -186.68400080492833 -136.95143609573077 75.3605025401842 -196.21373942082835 392.23283616811699 94.205712145204259
14648.591952125345 19868.53776546631 9420.5740723440194 6768.8223478679301 3386.9155722596806 1394.2111349109755 7230.574782223649 5475.4872008792736 6670.0538874134782 11903.954452182354 17006.09930239906 15450.616708126901 11823.958817565392 7755.5581655918668 4644.4771784144987 3191.2381517160547 7841.2370326257678 5677.7270157007997 7379.3225741735887 7069.9116321592719 17101.641680037836 10734.577384126733 11714.888929579534 8189.6458310973603 5816.4312226187722 2990.6709878429774 6195.4933260633061 12953.635628944563 7352.7735447864534 8319.9175110864471 14953.6969649823 10020.123634488637 10109.374299291358 6703.9681809228023 3680.1359156551489 2203.9695681337616 3222.9497576939393 7387.1179749601251 8773.4113089879756 8173.5478914192481 5335.3272612264554 6956.7922592777268 5552.4216606373993 3571.8902261544831 927.11038576707176 699.10433156057888 3256.8870990339183 6422.8114266409711 3346.6227828329606 3506.0979185495357 43.147217247606363 814.26882731323144 1758.7621481080228 1474.699946218346 543.19574794259404 116.58889837748121 510.00294872015115 1337.4270269477108 1421.76564523821 1697.6665479142416 0 0 3.790925059101629 95.584294809136182 -200.40358235520046 -189.80736713275118 52.366217996207581 224.8885979503402 381.80175478933023 -45.712264099150872 0 0 0 0 6.6297363398914264 -26.899518122111239 -21.278860618017106 -28.261170684630894 59.784382143561324 212.0472687697978
21624.351518412783 9420.5740723440194 19808.398268717661 7796.1126549210758 2535.2984229249851 2344.774928011986 5440.0435964441731 4537.5992234741652 5624.9116634954771 13145.777265298622 22145.818881798197 17873.937860366896 13067.164072745431 7165.5940047497916 4276.6802835246153 2818.4139464914419 8499.9492595325646 8447.4856966637362 4994.8337623952302 6559.2061224739091 20539.757253464126 11741.625718851721 12214.389139295841 7443.8373410683398 5062.9144258702536 2861.3787694144685 5008.1466948491625 13991.618929276123 7997.7868631604742 12600.52087726675 16574.329311080968 10637.052053675252 10986.475417764723 7317.6099229945266 3902.2646527866414 1321.0006534522245 3199.4564666090114 7310.7812587912676 4729.7474242072867 10066.665430213754 6891.2878338139863 7736.6576861998574 6567.1928095114026 4366.6098185412766 812.20630649233101 576.80623743247156 2865.9397159770506 6561.071822289774 2635.989915596118 2968.9255149962264 48.396841768946928 813.5218273285418 1934.0527553396437 1408.0261582193139 397.67172050953866 -46.060326457528724 1281.2419650907855 1514.6962334903099 1496.1804368583275 1465.5867261673609 0 0 -0.35566789595194037 209.00729922808861 -164.24654155388035 -201.92083244633841 318.12866741723803 -119.16518290358604 644.63443572109531 953.73102700529353 0 0 0 0 -50.385033794517653 -16.666523972417654 101.32222042346868 44.954898425545323 244.38744687745705 218.30633177039181
14541.347222301911 6768.8223478679301 7796.1126549210758 11945.193882934427 3469.7961193002466 1662.7848050612529 4648.8722674410274 4365.2356429901693 3894.7572815767071 9053.8880711916536 14461.052924265727 12842.997580832658 8573.0428304370616 6207.5771784684775 3188.2219732892513 2831.400863556215 6875.0761652859483 6243.6215227496677 3689.8776889749893 5109.6330577117269 13245.311680110299 8121.6006231749161 8713.31821400224 5602.066172471219 4460.7654674274236 3727.1457778515733 4828.893440334884 10049.559741200497 6602.494125320206 8801.1741409862607 10830.20772561376 7216.6194882243208 7582.8272025374836 5673.2154000117462 3819.6826210278832 3071.3126465974051 3494.4704879001356 5681.8080362716 4282.5996656781663 7026.458483806744 4534.6593955527396 5310.0890260123515 4758.2123490126678 3574.4136568354484 1553.3573890133964 1652.9067667013294 3019.4409696297635 5426.2725184658966 2739.0224406143134 2603.6124086414593 29.177882333179177 649.38303215635221 1455.7583336912389 1302.3491190618065 761.54867159204355 595.39546596348134 1401.1678600812984 1453.0681892169073 1544.5398202039682 1415.0682114672909 0 0 7.3275570766148075 244.80752160311206 99.58866517973668 124.99071863019051 374.06779888838372 114.50473385938623 586.8872360500169 829.86634717262177 0 0 0 0 -12.780008879109825 45.122621395456129 135.47099329187807 112.75932535565514 201.62819372031086 220.0917316397701
4103.0503918686309 3386.9155722596806 2535.2984229249851 3469.7961193002466 10338.481419525242 4881.796043072256 2763.945101196477 5596.3385122745467 2119.0019221930766 5063.5351396832193 3983.1600036614191 4579.6862029253498 4419.114013555436 2958.2746338395013 4823.6052198535572 4267.3755345305335 4782.5308050299618 4592.8204971802206 3962.5482464914398 3092.4160878588932 3865.1262281670352 3374.4278970523678 4011.7208802688492 3933.6729610617454 4707.5423290735826 6504.1527025519172 6384.9461120885899 6105.1646144377364 5675.4089518414121 4857.1876811372458 1697.4098423373177 3243.0564983390864 3036.903175512301 4315.7916949978226 4778.8537039212142 7008.7440881702951 5799.5440616945989 5226.7469731299307 5434.079188895892 5360.830372531268 1096.8354458044939 2226.4219238611618 2528.6362820933668 3213.183329059334 3640.066671584148 4354.3335479334037 4382.5261661598488 5190.7794908822252 4268.3540844275076 2817.1248454467163 2.4190201598665513 657.65074160793438 1066.5351962223901 1589.3413331151949 1867.5500700521129 2217.7279905325195 2534.5489258698076 2285.1470213942757 2765.337347766274 2164.2812577818568 0 0 32.58765156129293 459.78262787345778 780.8376359327408 921.87281355231073 734.63353655929757 783.66076062333457 866.5835164906315 1273.876134102027 0 0 0 0 62.512068906299668 210.11656450501789 306.6852017329374 393.32448436450863 252.79261383910134 385.84288433760241
2609.4809801833862 1394.2111349109755 2344.774928011986 1662.7848050612529 4881.796043072256 12542.897245998423 4161.3726956218661 3427.5303855523725 738.93299175207221 4263.3255216780926 1968.0162754174437 2207.451112184639 2576.8025251693211 3243.2473411201458 3942.3557609654799 6453.0889348294841 5128.9971478083071 4410.3231147353617 2211.0908909065565 2602.5608495308829 1817.4619964112439 1738.9955344754305 2058.2733332613807 2837.9779063711599 5012.8740376125852 8531.6227837391325 6838.5684024312941 5099.0509342046453 6066.925757196268 5281.6036355644947 -672.5377089133674 1772.7464614008347 1456.4431325617541 3821.1979611102474 5446.1149886568937 9226.708878806925 7341.6500210563099 5267.2329813610277 4308.9429912451014 5310.9694638092669 552.25880873188908 1252.2581493344683 1932.9771083054807 3260.210488591445 4476.5349542781305 5891.8830410010587 5331.1252017599963 5467.7348395343333 4623.4694275270185 2718.7423834453284 -8.1447090155971384 606.56723947965588 893.98524250585012 1588.0171710023358 2260.2659267300373 2992.7395206472238 3471.0287125684599 2676.4774796493048 3203.1010288910365 2297.2885772271834 0 0 37.309353874529904 565.17871151146448 1051.3294110300046 1286.2743588641445 1023.2268091197988 880.5273078668381 1064.6066807743116 1795.7667509241928 0 0 0 0 67.195160118447745 291.81426903794807 434.65461800966864 519.1092746528426 341.68053728141643 436.61913555740995
6814.9123388089447 7230.574782223649 5440.0435964441731 4648.8722674410274 2763.945101196477 4161.3726956218661 33975.943231342673 12149.405500827865 -3592.6959821114915 7032.1066798841157 8688.6571199258979 8806.0826083893917 7777.5303911781975 6076.2801198629677 5624.1826706653319 4810.2135773538139 11160.592298809843 1959.067102314857 3122.6955690687805 5913.6763455391401 8184.8753070968341 6594.1627597118031 7013.8253249744103 6541.6388492007354 7026.2479108900789 7851.0630880236222 8639.7647855763717 8160.6990593925648 6671.2408131553757 5230.8808596449408 7456.0649275079031 5952.4345946898275 5622.0620207396978 5289.0540040044743 5271.4036924504926 8177.6300643425793 7265.9469850383821 8301.5790600913751 10731.210262584564 6997.8499409812521 2321.7897389241384 3892.9870840292606 3209.8202975456779 2949.5399470178313 3063.41018623331 4185.6585743329042 5992.2377873890473 7248.8158148435659 5204.8005611159333 3952.9229833472782 -11.8738225971617 696.44469551784766 1220.3694498766397 1586.7536574454939 1632.98673770095 2005.8054128626013 1844.2368647317439 2112.1173470751546 2461.9123820454506 2291.584530092201 0 0 23.002787377120853 223.05582037048478 355.0562534832639 598.783033729306 408.92901687344164 803.00562251833401 495.92385772203454 52.429005149024867 0 0 0 0 82.886987548986042 136.33749272772448 126.80479968554934 164.17879469618984 53.924065481341898 279.56799715869289
3894.1919035472861 5475.4872008792736 4537.5992234741652 4365.2356429901693 5596.3385122745467 3427.5303855523725 12149.405500827866 59054.304486981477 30378.055082595896 -6442.1905180891681 4413.5111412937194 6324.0742365915166 6347.5983789463844 5558.5515881371721 6008.7316479745459 5890.7153618438542 1478.9808782826437 12024.100671491551 11526.488347701694 -3211.8170447613079 4040.159732856715 5209.3826299021712 5787.8931597588808 5436.9357866399696 6338.9495348591099 8429.1804427084571 9739.6639478100733 8222.2640418775027 6292.3685056173526 4004.6327535142505 1641.8399933488106 4851.9184898706017 4261.6013622013879 5730.2926882599722 5932.8960754798236 8745.9229391672579 8866.3132482126275 10101.392954157236 12613.233828723871 10494.609824903837 1008.2004017384069 3120.0583172325437 3410.6279284378302 4204.5582876335493 4812.9037184385643 5403.2561883338258 6783.3388151426843 9654.5485495862922 8398.6470004840085 5888.5533554479889 -1.4378501131098114 1039.9259826053856 1537.6665482216958 2257.8514239701772 2491.1769914835231 2868.9984994215401 3596.6172362435859 4048.024720063012 5065.3805091713866 4165.4368732155244 0 0 51.203822513600961 585.71654939165046 1038.734672039503 1206.3764263735454 1005.352604235287 1507.1753468573625 1364.8989437951573 1793.4101830030324 0 0 0 0 99.077784740180391 263.95466337544673 413.35886171284204 633.91278193465666 358.35263962895766 640.80805213948702
9001.3607476294928 6670.0538874134782 5624.9116634954771 3894.7572815767071 2119.0019221930766 738.93299175207221 -3592.6959821114915 30378.055082595896 34014.171664000329 26187.072799814261 9583.1666427690179 9007.6694673163438 6973.7648520595985 4418.434088744958 2767.6630263664401 2454.9223245870835 4309.7002673614788 -1167.2291893078921 16827.686128146732 10952.81379739361 10151.912722407624 6328.572483429004 6956.8482199714126 5049.607311357393 3853.0827611696532 2288.7710871317513 5862.649851483623 7818.1241702852931 66.670366133062316 1093.3467620110116 8397.4772996852516 5934.791079804877 5897.120400210254 3830.2960624054258 2138.6099316621121 1728.8103596346809 2505.1672831363453 6129.514599889073 8909.3821551893197 6950.8084682771669 2812.8988355577976 3986.4333495409073 3001.0938836925347 1932.708312734806 594.67661364322032 748.85704417445265 2688.396903360107 4767.4809383280244 2638.0264934937541 3216.206414114964 94.416292177861976 436.3279830776674 935.69965246443439 814.15774573169506 309.15090160575647 134.73727022322475 342.79760206825972 1168.3283276234069 1231.7205554261834 1376.0176267769139 0 0 -4.4667764627178475 6.5797970804427726 -147.65100746546122 -101.90756808060297 29.043886297236291 296.61295910405721 190.68168739805014 -224.31049002839421 0 0 0 0 16.965420290096972 -14.036888311731138 -46.369892416131769 -58.678948322329362 2.5999198071263945 152.42783533773999
21768.845878222142 11903.954452182354 13145.777265298622 9053.8880711916536 5063.5351396832193 4263.3255216780926 7032.1066798841157 -6442.1905180891663 26187.072799814261 121499.78980078244 21859.578667905564 19769.606637246707 14521.799191604616 9283.77172537763 6317.2979693327943 4689.1721350590524 12496.580515845593 8377.9588623224572 -4911.5591973677574 17612.39514940646 20911.318547583076 12403.561364031626 13660.924766307184 8857.0085383222849 6637.7783950405101 5526.7885348101363 9716.0215297265895 20783.526454716033 11700.169135651318 12405.481894923163 15939.22191810766 11927.978897650388 11635.230680566094 8526.1791316939707 5422.9309060784781 3941.8098551172061 7044.073313293612 12688.485210935496 12434.309015091427 16530.722540811163 6638.227601915376 8216.7597509307816 6903.3635658646517 5239.7075905733527 2070.0140482521647 2278.5716425115729 5563.823484933002 10978.005674282091 6994.3397964946707 6019.0730021632635 19.110609902163212 1118.1505495309291 2318.110366363594 2053.7342375803119 1213.114723765636 1009.3434704603113 2692.2044188451196 3383.2844859636502 3992.3221160905164 3619.4704373911286 0 0 13.619176228510659 329.58503379644401 126.81960348610771 170.39061980540268 627.57662824922568 582.66929389754114 1203.7470274587035 1625.7916615034965 0 0 0 0 -16.55280820837039 65.312491466075599 212.61759237892406 288.66702460744887 363.53076317982624 465.85804063574329
38159.730832697838 17006.09930239906 22145.818881798197 14461.052924265727 3983.1600036614186 1968.0162754174437 8688.6571199258997 4413.5111412937194 9583.1666427690197 21859.578667905567 70156.126154580721 33243.638839630243 23076.661614341785 13005.802593522958 6139.3919328723196 3557.5267764687883 14287.994152815754 13395.01570733468 6979.2330450995087 11123.62947638203 36592.044450773996 19244.696963892391 21131.790258323981 11875.8866070274 7122.3308413426103 2784.4240372105787 6589.3986179451485 23929.299745546235 11373.180298782418 21417.630819104044 32708.917497067687 18287.720573156275 19157.775690096689 10796.797070096591 4658.2194750813724 -486.97866276289733 3104.0326765414861 10563.768344449431 4490.1416045989999 14865.740455613435 13398.882175337576 13578.55066986555 10745.931175764672 5781.8561579606603 -1160.9631216734044 -1129.7482206788977 3278.9443606322588 8847.3722662675264 1110.4172596842595 3252.6905634860764 95.620427428688274 945.22927457984463 2755.2288944863571 1267.3086663270642 -681.85122867068708 -1396.9573661317493 736.45714142968654 829.26606185033586 231.00457954331455 704.77646339150203 0 0 -38.527587442814713 -36.20660326188446 -1020.7324978006799 -1041.2956237261571 57.766341143725782 -1072.127206746349 402.02933471821143 558.27975307697579 0 0 0 0 -149.89534257549471 -179.8874648654224 -47.519141271564983 -314.50776157370359 231.01754315241652 -1.3615535231959968
32118.616222698194 15450.6167081269 17873.937860366896 12842.997580832656 4579.6862029253498 2207.451112184639 8806.0826083893917 6324.0742365915166 9007.6694673163438 19769.60663724671 33243.638839630243 44439.52227150416 20470.183483638379 11707.3922189119 6444.5910281100596 3969.8003793853195 12695.897830008054 11816.497705438214 7905.7673963066627 10727.56537103645 30371.073592956465 17565.025107079899 18149.685963664651 11336.695189851876 7526.464184437079 3437.1257457984716 7315.24854540876 21556.490382564629 11806.708799590935 18192.087088943135 27262.134905066079 16101.23880433432 16832.692823775797 10500.472010241057 5206.8182979234607 1174.0482842510114 4090.4685176838452 10792.147902019469 7869.8277067332538 13944.297021256813 10696.825216025432 11905.07410109432 9794.7313508831066 5958.0902772422924 346.95828017144044 18.362596611326154 3948.302601104383 9451.5780728792288 3366.4967566778755 4255.3306364786704 68.646428575031678 1114.6464107681327 2761.7954756230288 1825.6074159304326 156.49147932326983 -547.72762828318037 1118.6655793568525 1645.9471974350272 1478.8274863077011 1711.908760730214 0 0 -15.491911878718703 118.46459581309604 -570.90449968672419 -613.10515605678188 175.41802648480194 -385.71899335756439 591.011723033934 610.8258892271781 0 0 0 0 -85.897751412387535 -96.957447862762322 5.6119246685980748 -121.05166893899298 222.07048345331694 155.46202521900051
22289.637753206356 11823.958817565392 13067.164072745431 8573.0428304370616 4419.114013555436 2576.8025251693211 7777.5303911781975 6347.5983789463844 6973.7648520595967 14521.799191604614 23076.661614341785 20470.183483638379 27016.984406287691 10491.100278897748 5029.3773204676854 4186.1680485016632 9952.2722326245184 8547.7838409107426 7662.5576290111585 8753.696388125576 21626.224198790325 12994.020880585073 14140.913057048003 8920.9936632975187 6512.6020354577968 4031.1524387327136 6835.0864570380354 15945.525725507372 11133.278789851131 12356.111158199186 19145.244841825872 12136.952178539626 12555.783652685601 8576.5531504653209 5029.994148574654 3384.6986453913055 4263.3960724180615 8921.3677281385317 8208.5522081733598 10478.455376134536 7316.0498620959515 8846.3769027538947 7612.4912837359861 5078.4602310578666 1576.0413874618441 1274.4402565715156 4082.4665181071537 8310.6952907436753 4236.7993702921531 4438.7476725842134 40.12874509311532 1038.3430202294546 2286.3215084510748 1843.211271993672 745.84138209508592 220.22548150555386 1201.1436571489555 1873.6747043301905 1987.5527147631517 2067.0902646195259 0 0 12.050927826377599 231.73340139069825 -135.47271098437272 -140.77931844212662 287.14490739257184 146.89927833250357 645.63309769202351 610.71735952234235 0 0 0 0 -13.019225385885598 -11.868704713954303 76.177194851122479 39.139081516555549 192.72694055741189 279.66178042226051
12458.858028474422 7755.5581655918668 7165.5940047497934 6207.5771784684775 2958.2746338395013 3243.2473411201458 6076.2801198629668 5558.5515881371712 4418.434088744958 9283.77172537763 13005.802593522958 11707.3922189119 10491.100278897748 13824.679046063613 6211.4916311138613 3583.5463289539421 7329.0375251262049 5991.4413092796867 5447.8399754829088 5676.9764844129131 12020.7460605863 8355.618408599481 8053.6029065994881 6953.7233307569131 5018.6306238586467 4458.210743708567 6311.9622806125299 10393.597549342394 7586.9036627897249 7732.4851065343773 10050.761082467247 7419.7374830753806 7696.3017190208648 6067.0610262506034 4446.436330845936 4598.8911412017451 4548.335446765338 6624.88177129837 6801.5020206299059 7220.4362448222191 3932.4850422175346 5289.0453937196689 4818.1698762296674 3891.9837605866524 2376.0336403791966 2508.9110315217199 3917.1522214577499 6281.1769081878037 3907.2892373640716 3349.2163576349935 20.495317045523684 780.93618416407276 1589.1355387700078 1639.5900250032953 1199.0045485542596 1068.3011556416154 1552.3997740592411 1838.8271935600972 2087.9558716496645 1907.9690032713168 0 0 17.329475788575266 298.20205380079477 250.6917881389605 302.72802923528428 400.90738280983618 408.88284910095416 625.43761373189943 675.561402314107 0 0 0 0 24.287790881835448 77.366163531659424 140.498977087486 160.26314376593109 168.40292556377833 272.34814664441939
5852.5748966291258 4644.4771784144987 4276.6802835246162 3188.2219732892513 4823.6052198535572 3942.3557609654799 5624.182670665331 6008.731647974545 2767.6630263664397 6317.2979693327943 6139.3919328723196 6444.5910281100596 5029.3773204676863 6211.4916311138613 12422.579429603669 6820.6368001045994 5697.6106567297629 4759.1016802665108 4674.6906296245015 3795.0978868924549 5894.8074193654747 4746.9060320166363 5216.2942447223368 4058.444842297386 6092.1174569156865 6556.9902348471369 6423.8962254698226 7359.3056409053779 6637.7192677871399 5456.3471347702607 3976.9591660188212 4345.7891783780815 4322.3724562556818 5000.3988445233545 5078.1974430938362 7245.6216098424657 5977.5458077297317 5985.1554659940484 6281.8606399217624 6074.8195957580829 1811.8700130081647 2963.6660695792766 3030.3308156451144 3424.3456931625205 3602.1514663166877 4423.3147085188011 4713.6044025301271 5581.1779488784459 4314.8435660227597 2979.5610338540341 -4.3709516237282653 689.66980894867845 1196.5357544721917 1655.9344888590749 1841.0474238428881 2160.3545869227919 2369.7725281910207 2168.1614530955917 2557.0050183441317 2073.7084920316024 0 0 30.841304854020468 414.03932979953464 667.04674964069329 819.01882838342226 648.42339438797853 712.6885765784599 748.11198956845806 993.40930099143657 0 0 0 0 60.529926610432376 188.02141129392754 251.55116476487356 309.24010709119062 200.73683612777992 335.82019410413398
3126.0008127832734 3191.2381517160547 2818.4139464914424 2831.400863556215 4267.3755345305335 6453.0889348294832 4810.213577353813 5890.7153618438533 2454.9223245870835 4689.1721350590524 3557.5267764687883 3969.8003793853195 4186.1680485016632 3583.5463289539421 6820.6368001045994 14892.709021013246 9940.2516384337796 3285.9272369269943 4044.7756942015444 3999.1286401797634 3034.3015638801271 3275.1653878255966 3436.8789206609481 4295.5870497015267 5480.2275131002234 10016.315615772734 7867.1890718850245 5306.3243316000289 7051.9142994540944 4033.9659586940083 2188.5860815641336 2736.5638097608803 2670.1892051341215 4468.2082320142717 6027.2684669558766 10210.762571987074 7242.2640636967462 5491.1267933435056 6299.3360297771687 4743.9218360751229 1021.0665650285608 1920.5088798682443 2356.8064965049166 3197.2097494348513 4463.0617911344852 6073.0601111824644 5990.9041346961658 6139.8801750619987 4874.628622075059 3176.2904074553148 -15.343503662599655 607.25821937016292 946.60590480453118 1626.588650716001 2231.0864398201561 2946.9350852148614 2847.7890115341756 2327.00378906779 2787.5630155851195 2130.7694141805541 0 0 30.674846695227693 437.93554860890384 845.10819770988428 1135.0627211923395 793.42754191144127 844.00514887805912 739.36650722362924 915.02790407913017 0 0 0 0 83.825845919856022 258.87728567122366 313.12278082243239 352.69606533422467 196.59559910725386 340.08014565818951
14262.694447709349 7841.2370326257669 8499.9492595325646 6875.0761652859483 4782.5308050299618 5128.997147808308 11160.592298809841 1478.9808782826435 4309.7002673614788 12496.580515845593 14287.994152815754 12695.897830008054 9952.2722326245184 7329.0375251262049 5697.6106567297629 9940.2516384337796 43470.475395722831 19879.046967755781 1556.2582790855145 6226.3099372129227 13421.196904865901 8497.8530644315215 8845.4536255029088 7181.713277903651 7594.9112182333974 7855.6795464403885 15378.839012180653 12993.028752273178 6009.701036433059 9701.7685200198994 10392.465762185549 7686.4633706321029 7623.8189315310074 6938.986784527895 6746.1527745239437 9539.2273111967334 7899.4485681913011 7937.6401194734854 7101.3669950146732 10303.275867209109 4369.071687087755 5419.0845100171282 4948.3705612853873 4518.3812335305174 3799.6590662471685 5474.477275770405 7342.0604184470312 9557.9442299508028 5976.6054884406331 4652.3650878138233 35.630903466615536 824.31147786948623 1627.949170912533 1876.4765796160718 1887.9545745058024 2417.7793293646123 3362.1682926522772 3028.9961013554412 3260.9803338690631 2685.0604675497266 0 0 19.101788875493263 416.41951641763779 542.54116973178009 806.16581499658537 879.43651272938268 678.69700395878851 952.87772767063325 1244.7779025337506 0 0 0 0 35.787453087163946 194.23319840700833 311.85695567975301 297.6306046859126 276.75387371387978 367.77577954829906
15306.521718638993 5677.7270157008006 8447.4856966637362 6243.6215227496668 4592.8204971802206 4410.3231147353617 1959.0671023148566 12024.100671491549 -1167.2291893078921 8377.9588623224572 13395.01570733468 11816.497705438214 8547.7838409107426 5991.4413092796867 4759.1016802665108 3285.9272369269943 19879.046967755778 44331.132416686647 29991.371278981424 2378.822222921192 12475.869065596675 7328.5743512577319 7587.3826149157831 4767.6927422093804 4670.3067363206919 5793.087278623113 3323.3870549978778 23928.765310669125 17548.466298754778 11640.820731798827 8342.6627369452381 6683.0107478812688 6845.4041478444269 6050.2038435029644 4860.9578142846449 5405.4790339729207 6622.903302706075 6871.0886660170063 1111.549987105403 7735.8686600570427 4476.7772745448674 5098.0750587293842 5162.2762396632297 4641.3468050709762 2990.5176008171929 3661.2111585526018 5140.7880777369755 9145.8584470157111 6115.6704739966253 4602.7088884205268 28.880783967654377 824.88090334201968 1661.355745850401 1698.6464480970885 1458.865003710436 1657.4764150890292 3654.5076424262743 3407.427106842591 3844.7891081257408 2967.0571833558242 0 0 21.332831732159256 520.38549134325297 588.62280108596019 655.99390341127264 1032.4775682135487 526.60420688924376 1330.1970704361249 2405.7103023279519 0 0 0 0 -26.180879120171689 166.13153779489812 411.50977662052503 463.58826180448608 481.67488885373018 439.05130776790543
3965.7806035465073 7379.3225741735887 4994.8337623952302 3689.8776889749897 3962.5482464914398 2211.0908909065565 3122.6955690687792 11526.488347701694 16827.686128146728 -4911.5591973677574 6979.2330450995087 7905.7673963066627 7662.5576290111585 5447.8399754829088 4674.6906296245015 4044.7756942015444 1556.2582790855158 29991.371278981416 60567.774337903582 30931.852047075325 7283.3339445076062 6224.3694519652881 7348.3492574870033 6534.6175168297004 5718.521411677596 5419.8322872933068 8121.7789072669539 3498.5606959166753 19155.010679100804 14495.10658040895 5667.1606752599591 6338.7424478847379 5345.1111220718776 4998.6034248158912 4136.4969104667816 5261.6964677474798 6297.6128351625766 8710.4532420554679 11004.088889614195 3784.8717431784517 1430.4920563816395 3720.509308435513 2808.7818888375218 2499.5791351665075 2417.7702793792141 2547.8162597165606 4914.1576463296478 7262.8098288455867 6169.3402661550745 4816.6543085117246 -16.17940405919628 838.1670647109504 1280.6604937824186 1533.0034501856499 1403.6868387913992 1412.4499793445059 1214.0810276942357 2327.5531489787363 3097.3376783986419 2952.4137021880892 0 0 33.859055889712835 173.02595746080056 282.36884443855286 407.2155788445516 222.2788787583616 1060.5609105400699 539.06434474946423 25.92635738782673 0 0 0 0 105.71829999951287 85.887623214695324 66.188788777065483 210.9921496297645 41.705011437216051 353.57293525702772
9460.010347069212 7069.911632159271 6559.20612247391 5109.6330577117269 3092.4160878588937 2602.5608495308825 5913.6763455391401 -3211.8170447613074 10952.813797393606 17612.39514940646 11123.62947638203 10727.56537103645 8753.696388125576 5676.9764844129131 3795.0978868924549 3999.1286401797634 6226.3099372129227 2378.822222921192 30931.852047075325 52629.48828691466 8842.167328236661 7246.9425246175069 7478.0417929032465 5476.8421016444336 4795.6903516710645 4188.1204280913471 6072.9770105449061 9310.1031488881072 5064.827370852965 23882.277904221868 8809.5732311444281 5999.6786964535431 6272.946636421394 4895.0501185036437 3733.9212014806035 4213.5386720676861 4739.9645845385294 7813.6797122721418 7468.4035022128701 3680.0029459715561 3171.6600401799392 4308.0865366850658 3948.6782521997625 2971.2078108181809 1827.319472578894 1911.0416967075287 3993.4402869177443 7350.8917871275935 5530.9543231507878 4486.7858398254812 -34.686013728319665 690.43246000865361 1285.2179775873669 1312.3646671628494 926.73077452723567 908.47679101205335 1390.2464025250731 2017.6095152501807 2679.9707497332279 2489.608535670603 0 0 15.6988200320727 172.46736692752239 121.97382199602667 214.40099488626146 305.38760553886175 520.77361462135161 639.33555050975679 601.53626002236615 0 0 0 0 23.731537783689607 54.378336019455062 126.28826070760941 199.03380282712399 166.98879257515651 278.62003702451193
38195.23237936855 17101.641680037839 20539.757253464122 13245.311680110299 3865.1262281670347 1817.4619964112442 8184.8753070968341 4040.1597328567154 10151.912722407626 20911.31854758308 36592.044450773996 30371.073592956465 21626.224198790325 12020.7460605863 5894.8074193654747 3034.3015638801271 13421.196904865901 12475.869065596675 7283.3339445076062 8842.167328236661 54643.532298697944 18411.311140962527 20493.129032067947 12008.392903284024 7104.3255289072767 2936.4857187260241 7298.7745252968489 23574.899852816077 8551.3243449310321 19950.664915549522 29867.180734467118 17483.659531460351 18445.174126520527 10608.145632968164 4464.3827715863645 -690.1085579903646 3143.7759442370257 11281.343713380251 6233.5442302056772 15540.767399100872 12231.448759895602 13324.339440193255 10286.498743438497 5846.4449000819704 -893.18714038089649 -868.5155360467827 3352.1360881879018 8491.279954077585 1401.6836110096795 3594.1415195941295 125.6767810359775 1058.3210596103495 2828.9698060912642 1455.5716667641243 -395.75427565843808 -1108.858044965853 942.669182806442 1205.9094495612233 706.01498402774246 1053.6063482737745 0 0 -30.95224559902147 4.3411100677522425 -870.97936813348485 -899.22412813394703 101.35070679202303 -824.61909762953132 526.29433209648312 608.83181176575056 0 0 0 0 -121.47218710804533 -140.10168215186357 -34.569271997706053 -264.17177464903904 242.374155843849 107.28136214647527
19670.341553199676 10734.577384126733 11741.625718851721 8121.6006231749161 3374.4278970523678 1738.9955344754308 6594.1627597118031 5209.3826299021712 6328.5724834290031 12403.561364031628 19244.696963892391 17565.025107079899 12994.020880585073 8355.618408599481 4746.9060320166363 3275.1653878255966 8497.8530644315215 7328.5743512577319 6224.3694519652881 7246.9425246175069 18411.311140962527 18258.442355502149 12446.873852515288 8040.6171623219243 5952.1430874293947 3272.4629506549272 6172.4496005917645 14296.947486020246 8927.9671941596516 11014.321876154803 16356.600579718272 10387.108639099108 10715.05736259558 7208.5354523815022 4142.8080138861278 2436.1053737468128 3567.6806614294119 7845.5295778589034 7197.8147964821092 9448.7063285858603 6709.1450580219607 7891.8124195217042 6604.949955653442 4282.8579282476248 1210.3125523895171 932.18787116001465 3560.056154485967 7472.661184882023 3576.9597226100941 3750.0159698374218 46.89168111633002 871.87378934187052 1973.0421620097709 1556.6192344400672 527.23051839373568 79.778096491459436 952.91956407444479 1553.2405583544362 1581.9218255270166 1765.1835282627922 0 0 3.8370966752546094 152.82006899917781 -180.52427536966385 -180.09677929412189 211.80444143609458 100.85253174828298 532.57777658764837 423.61225915060845 0 0 0 0 -21.80834400626275 -21.271646357639796 47.401818403620148 9.3238973359682618 154.71584596200978 240.29415709467608
20390.490317341628 11714.888929579534 12214.389139295843 8713.31821400224 4011.7208802688492 2058.2733332613811 7013.8253249744103 5787.8931597588808 6956.8482199714126 13660.924766307184 21131.790258323981 18149.685963664651 14140.913057048003 8053.6029065994881 5216.2942447223368 3436.8789206609481 8845.4536255029088 7587.3826149157831 7348.3492574870033 7478.0417929032465 20493.129032067947 12446.873852515288 18992.747692989717 9255.1089367447512 6046.8681968744213 3765.7140185238732 6963.0688074710497 15651.288882189947 8021.1687159517824 11869.604428617464 17285.712562584267 11432.043004139019 11708.277676752014 7730.6575710563184 4396.1826390599326 2263.8360071910383 3994.3816121823443 8898.6473992582032 8609.0129274437677 10682.641344728823 6745.2033382910486 8520.5653127120113 6942.3612849612082 4728.3192936863288 1383.763427349518 998.79726468806302 3771.5368623679296 7642.4513453297486 3750.5031390654522 3946.8914302537842 50.788999524429471 1001.5610761010646 2195.2809564666322 1819.8900113265881 748.93493428186048 251.08204617840954 1110.4375329280397 1755.3658238730989 1916.5085363222934 2017.0442373285928 0 0 5.1298517411035203 185.86795644407357 -134.89463201232095 -144.61334997678196 217.37043181787681 180.76260297012755 606.2255366374261 480.63634360206942 0 0 0 0 -9.3753677562173934 -7.493327950310964 50.373011415610279 35.366176419887097 171.28011933316998 271.33168341469712
10604.345775710824 8189.6458310973603 7443.8373410683398 5602.066172471219 3933.6729610617458 2837.9779063711603 6541.6388492007354 5436.9357866399696 5049.607311357393 8857.0085383222849 11875.8866070274 11336.695189851876 8920.9936632975187 6953.7233307569131 4058.444842297386 4295.5870497015267 7181.713277903651 4767.6927422093804 6534.6175168297004 5476.8421016444336 12008.392903284024 8040.6171623219243 9255.1089367447512 11402.67043704521 6772.638446924555 4451.5521382058232 6985.8455653037736 10725.161836147268 6843.8437113793607 6483.2524246499888 10317.674166022438 7680.9647852865373 7515.8145589311061 6226.9073155160395 4299.8383251160221 4588.2631523123728 4475.2214730508995 7158.3296667963059 8580.1203143525072 7045.2902119510063 3657.8696851984705 5482.0377604871192 4727.0465664075573 3733.817003409772 2334.1070854690133 2425.087838228932 4033.0525065249767 6212.463301460667 4104.2986878819129 3721.5442633627713 24.024543646808326 834.97942457694592 1626.6413079127406 1714.5803148332113 1273.9430276466287 1105.6482372613639 1256.82134448388 1774.9785122719859 2080.4458954021743 2013.128354537678 0 0 20.193814045821359 243.57046511877709 209.98633847200423 279.77823974446687 289.72630451290911 526.80717530706499 529.33386395375089 281.4518254344062 0 0 0 0 48.998743758889667 73.797225201603425 89.101596340675016 116.62261800284885 105.93252009119442 288.10117722809861
6162.9701775694275 5816.4312226187722 5062.9144258702536 4460.7654674274236 4707.5423290735826 5012.8740376125861 7026.2479108900789 6338.9495348591099 3853.0827611696527 6637.778395040511 7122.3308413426103 7526.464184437079 6512.6020354577968 5018.6306238586467 6092.1174569156865 5480.2275131002234 7594.9112182333974 4670.3067363206919 5718.521411677596 4795.6903516710645 7104.3255289072767 5952.1430874293947 6046.8681968744213 6772.638446924555 11437.327030109442 8430.9419318005894 7614.5467843426331 8954.4559624991343 6922.5207994438897 5152.2297811410963 5774.7846795582382 5271.6158472038805 5385.3498912538844 5224.2140343800293 5794.9077790582232 7927.0606064474878 6103.1619704162749 6658.8923254531855 8307.0745586550347 6063.4268554758382 2157.8925986535205 3743.2722353285822 3598.1255321914241 3750.2220932291111 3858.2161363929599 4665.8530018615047 5365.2988588444578 6427.3863442730326 4801.530069586609 3643.6222055074045 13.638111354727895 760.20733901852202 1348.289356207252 1853.2225164729198 1967.3148356199024 2282.5118058259227 2193.5548632100981 2203.0229480814469 2618.5727381212982 2281.876476517059 0 0 28.829233273349239 382.00191375494518 624.71948450509035 821.93688314891881 580.86995225669932 809.61921981539763 699.4063767757591 624.61628190026761 0 0 0 0 81.444753308125769 187.74929620483726 218.51006424312502 266.92464247738303 154.8870343851973 361.83197479423922
2506.203878032532 2990.670987842977 2861.378769414468 3727.1457778515733 6504.1527025519172 8531.6227837391325 7851.0630880236222 8429.1804427084571 2288.7710871317513 5526.7885348101363 2784.4240372105787 3437.1257457984716 4031.1524387327136 4458.210743708567 6556.9902348471369 10016.315615772734 7855.6795464403885 5793.087278623113 5419.8322872933068 4188.1204280913471 2936.4857187260241 3272.4629506549272 3765.7140185238732 4451.5521382058232 8430.9419318005894 17768.193274440921 12058.182465105485 7068.4522008202302 8296.0294963315064 5682.9733590701944 790.74383424463554 3056.6532936842941 2763.8202350916877 5574.1334539209192 7349.6719057028231 13463.839388581606 9694.0491272388408 7199.2446057296738 7940.8159813511029 6618.6686935675571 785.44115129379611 2128.6520980663872 2691.6660035065797 4276.4769259318764 6170.6019139954069 8189.3340639442704 7706.7912254581643 7567.0152285151935 6485.7366748307841 4039.9753215448618 -15.441803261135284 822.0867185922441 1234.7518144384917 2222.629830963007 3112.1631035481678 4138.7282467571595 4191.1621584035011 3374.1469737314223 4027.7602127559644 3046.1694828039399 0 0 48.14330568285488 656.57350310711604 1282.3570053837852 1656.1642620980942 1169.1236001831658 1238.2379232021851 1168.938789023616 1619.9275107944186 0 0 0 0 119.04843397517671 371.92983692713614 476.67649521347306 566.63310475499009 318.24889447650042 516.90415623741296
5490.4908669107517 6195.4933260633061 5008.1466948491625 4828.893440334884 6384.9461120885899 6838.5684024312941 8639.7647855763717 9739.6639478100769 5862.6498514836212 9716.0215297265895 6589.3986179451485 7315.24854540876 6835.0864570380354 6311.9622806125299 6423.8962254698226 7867.1890718850245 15378.839012180653 3323.3870549978778 8121.7789072669539 6072.9770105449061 7298.7745252968489 6172.4496005917645 6963.0688074710497 6985.8455653037736 7614.5467843426331 12058.182465105485 30873.378294309176 14998.032289982062 5597.6392534575607 6878.8505837388957 4256.3132432878201 5964.1879661798221 5096.335132088554 6598.2817382959711 7502.4009664132627 11000.468771553635 11822.094537665858 10101.993501702242 10453.57026975842 9759.7622628223362 1830.8022916474522 3927.016087949326 3660.6032053782797 4334.4957810758133 5422.0871347517832 7041.7840257128155 8257.7574560860321 9147.3940616125365 6998.8529794617534 5059.3096576124126 12.218137987776418 975.10278452034447 1546.4164060535763 2300.5705053300253 2747.0130942744117 3476.2688312209161 3768.1267911184004 3745.4925902228329 4429.2181572835079 3648.7538406871149 0 0 42.885694708378914 526.75518404616264 971.0755736631537 1295.9425855920417 989.31291391931177 1366.696476107667 1089.7257428177463 1150.0795889661642 0 0 0 0 118.95985305702521 292.27937255237816 371.38325191204478 478.30279385747508 247.43933437030051 530.5513976344123
23091.028737380439 12953.635628944565 13991.618929276123 10049.559741200497 6105.1646144377355 5099.0509342046453 8160.699059392563 8222.2640418775027 7818.1241702852922 20783.526454716033 23929.299745546235 21556.490382564629 15945.525725507372 10393.597549342394 7359.3056409053779 5306.3243316000289 12993.028752273178 23928.765310669125 3498.5606959166753 9310.1031488881072 23574.899852816077 14296.947486020246 15651.288882189947 10725.161836147268 8954.4559624991343 7068.4522008202302 14998.032289982062 66463.439342953847 29094.491864154072 12647.067823275549 18682.128155991402 13360.522986786651 13419.825345150208 9894.8451221904907 7014.0429283256617 6768.9630626403577 6997.1439058001815 16139.157229336284 16162.911000156593 11589.424644431489 7530.6132640639953 9666.916581488591 7992.8045730489721 6228.6520055877254 3084.1064203781766 3762.7787950335987 7778.5823804609236 12596.540749933594 7028.1586935899077 5833.6019558993539 39.304106476242524 1300.9831464823721 2637.6638648579601 2468.8447681459679 1632.2984559088982 1648.5642617034391 3451.8511245065342 4073.9514219590365 4763.3054632969188 4265.2590095090936 0 0 17.112935539038215 362.00030735088342 211.64207587205274 364.44957970665843 782.49207602641911 729.99643295687008 1308.8305790259992 1606.9193475213294 0 0 0 0 0.31282132995896894 105.25484094547775 264.27830108801345 319.05957226409947 374.24145873285522 507.03872446343183
