1.0000 0.6702 0.6781 0.6674 0.6651 0.6235 0.5703 0.4969 0.1554
0.6702 1.0000 0.7992 0.7951 0.7785 0.7447 0.7025 0.5929 0.1836
0.6781 0.7992 1.0000 0.8294 0.8203 0.7917 0.7531 0.6406 0.1718
0.6674 0.7951 0.8294 1.0000 0.8369 0.8226 0.7997 0.7014 0.2123
0.6651 0.7785 0.8203 0.8369 1.0000 0.8372 0.8105 0.7234 0.2047
0.6235 0.7447 0.7917 0.8226 0.8372 1.0000 0.8349 0.7561 0.2243
0.5703 0.7025 0.7531 0.7997 0.8105 0.8349 1.0000 0.8226 0.3195
0.4969 0.5929 0.6406 0.7014 0.7234 0.7561 0.8226 1.0000 0.4216
0.1554 0.1836 0.1718 0.2123 0.2047 0.2243 0.3195 0.4216 1.0000
