1.0000 0.3641 -0.0117 -0.4470 -0.4870 -0.3375 -0.3640 -0.2571
0.3641 1.0000 0.4063 -0.1682 -0.4323 -0.4366 -0.3924 -0.3419
-0.0117 0.4063 1.0000 0.2158 -0.0166 -0.1959 -0.2319 -0.2538
-0.4470 -0.1682 0.2158 1.0000 0.5982 0.1954 0.0352 -0.0450
-0.4870 -0.4323 -0.0166 0.5982 1.0000 0.3469 0.1000 0.0328
-0.3375 -0.4366 -0.1959 0.1954 0.3469 1.0000 0.2917 0.2118
-0.3640 -0.3924 -0.2319 0.0352 0.1000 0.2917 1.0000 0.4184
-0.2571 -0.3419 -0.2538 -0.0450 0.0328 0.2118 0.4184 1.0000
