1.0000 0.8233 0.7412 0.5550 0.3877 0.4677 0.4925 0.3903
0.8233 1.0000 0.8801 0.7732 0.6375 0.6793 0.6961 0.5098
0.7412 0.8801 1.0000 0.8381 0.7294 0.7515 0.7552 0.5502
0.5550 0.7732 0.8381 1.0000 0.8273 0.8055 0.8035 0.5050
0.3877 0.6375 0.7294 0.8273 1.0000 0.8034 0.7914 0.4740
0.4677 0.6793 0.7515 0.8055 0.8034 1.0000 0.8139 0.5420
0.4925 0.6961 0.7552 0.8035 0.7914 0.8139 1.0000 0.5913
0.3903 0.5098 0.5502 0.5050 0.4740 0.5420 0.5913 1.0000
