1.0000 0.1354 0.0517 0.0744 0.0749 0.0398 -0.0402 -0.1437 0.0246 -0.1014 -0.1758 -0.1729 -0.2075 -0.1953
0.1354 1.0000 0.1271 0.1103 0.0946 0.0315 0.0284 -0.0353 -0.0906 -0.1318 -0.1414 -0.1208 -0.1098 -0.1260
0.0517 0.1271 1.0000 0.1420 0.0449 0.0407 0.0565 0.0178 -0.0405 -0.2110 -0.2069 -0.1831 -0.1541 -0.1015
0.0744 0.1103 0.1420 1.0000 0.1160 0.1053 0.0622 0.0401 -0.1384 -0.2093 -0.1596 -0.1514 -0.1535 -0.0861
0.0749 0.0946 0.0449 0.1160 1.0000 0.1810 0.0954 -0.0129 -0.1380 -0.1503 -0.1665 -0.1366 -0.1135 -0.1024
0.0398 0.0315 0.0407 0.1053 0.1810 1.0000 0.0944 0.0027 -0.0817 -0.1692 -0.1678 -0.1353 -0.1212 -0.0702
-0.0402 0.0284 0.0565 0.0622 0.0954 0.0944 1.0000 0.0405 -0.1010 -0.1094 -0.0992 -0.0607 -0.0279 -0.0412
-0.1437 -0.0353 0.0178 0.0401 -0.0129 0.0027 0.0405 1.0000 -0.1240 -0.0187 0.0545 0.0374 0.0490 0.1203
0.0246 -0.0906 -0.0405 -0.1384 -0.1380 -0.0817 -0.1010 -0.1240 1.0000 0.0718 0.0009 0.0073 -0.0021 -0.0014
-0.1014 -0.1318 -0.2110 -0.2093 -0.1503 -0.1692 -0.1094 -0.0187 0.0718 1.0000 0.2879 0.2371 0.2143 0.1062
-0.1758 -0.1414 -0.2069 -0.1596 -0.1665 -0.1678 -0.0992 0.0545 0.0009 0.2879 1.0000 0.3333 0.2787 0.1714
-0.1729 -0.1208 -0.1831 -0.1514 -0.1366 -0.1353 -0.0607 0.0374 0.0073 0.2371 0.3333 1.0000 0.2632 0.1452
-0.2075 -0.1098 -0.1541 -0.1535 -0.1135 -0.1212 -0.0279 0.0490 -0.0021 0.2143 0.2787 0.2632 1.0000 0.1924
-0.1953 -0.1260 -0.1015 -0.0861 -0.1024 -0.0702 -0.0412 0.1203 -0.0014 0.1062 0.1714 0.1452 0.1924 1.0000
