1.0000 0.5408 0.4099 0.2066 0.1154 0.2021 0.2040 0.1936
0.5408 1.0000 0.9010 0.7637 0.6321 0.6400 0.6705 0.5944
0.4099 0.9010 1.0000 0.8451 0.7414 0.7061 0.7173 0.6315
0.2066 0.7637 0.8451 1.0000 0.8775 0.7643 0.7365 0.6491
0.1154 0.6321 0.7414 0.8775 1.0000 0.7774 0.7091 0.6295
0.2021 0.6400 0.7061 0.7643 0.7774 1.0000 0.7719 0.7003
0.2040 0.6705 0.7173 0.7365 0.7091 0.7719 1.0000 0.7850
0.1936 0.5944 0.6315 0.6491 0.6295 0.7003 0.7850 1.0000
