1.0000 0.5795 0.5779 0.5239 0.5003 0.3314 -0.0214 -0.3192 -0.4289
0.5795 1.0000 0.6867 0.6363 0.5841 0.4145 0.0470 -0.3709 -0.5348
0.5779 0.6867 1.0000 0.6694 0.6310 0.4724 0.1087 -0.3374 -0.6043
0.5239 0.6363 0.6694 1.0000 0.6099 0.4889 0.1670 -0.2641 -0.6272
0.5003 0.5841 0.6310 0.6099 1.0000 0.5216 0.2038 -0.1944 -0.6536
0.3314 0.4145 0.4724 0.4889 0.5216 1.0000 0.3185 -0.0281 -0.6212
-0.0214 0.0470 0.1087 0.1670 0.2038 0.3185 1.0000 0.2504 -0.4432
-0.3192 -0.3709 -0.3374 -0.2641 -0.1944 -0.0281 0.2504 1.0000 -0.0346
-0.4289 -0.5348 -0.6043 -0.6272 -0.6536 -0.6212 -0.4432 -0.0346 1.0000
