1.00000 0.84420 0.87998 0.86569 0.78476 0.62381 0.24728 0.19878 0.62528 0.63894 0.66536 0.65954 0.61511 0.45521 0.23740 0.16111
0.84420 1.00000 0.88323 0.87029 0.77574 0.59187 0.22371 0.17721 0.62191 0.64260 0.66813 0.67050 0.61030 0.42813 0.19379 0.11603
0.87998 0.88323 1.00000 0.91996 0.84521 0.64905 0.22549 0.22917 0.62295 0.64287 0.68272 0.67722 0.62627 0.43831 0.20208 0.12285
0.86569 0.87029 0.91996 1.00000 0.91825 0.77865 0.31484 0.34392 0.58506 0.61811 0.65356 0.66573 0.65684 0.53413 0.28701 0.22623
0.78476 0.77574 0.84521 0.91825 1.00000 0.88165 0.43137 0.51379 0.50559 0.53918 0.58565 0.59417 0.64211 0.57702 0.38284 0.33938
0.62381 0.59187 0.64905 0.77865 0.88165 1.00000 0.57473 0.60981 0.36100 0.39675 0.43615 0.46291 0.58124 0.68305 0.53204 0.52863
0.24728 0.22371 0.22549 0.31484 0.43137 0.57473 1.00000 0.63099 0.14081 0.15678 0.16848 0.18330 0.29378 0.42692 0.36427 0.38416
0.19878 0.17721 0.22917 0.34392 0.51379 0.60981 0.63099 1.00000 0.05727 0.06556 0.07932 0.09301 0.18312 0.31164 0.21226 0.25193
0.62528 0.62191 0.62295 0.58506 0.50559 0.36100 0.14081 0.05727 1.00000 0.86268 0.87173 0.85717 0.78925 0.61255 0.33485 0.26221
0.63894 0.64260 0.64287 0.61811 0.53918 0.39675 0.15678 0.06556 0.86268 1.00000 0.89943 0.90673 0.84935 0.65496 0.37352 0.28123
0.66536 0.66813 0.68272 0.65356 0.58565 0.43615 0.16848 0.07932 0.87173 0.89943 1.00000 0.94091 0.89597 0.67705 0.37483 0.28261
0.65954 0.67050 0.67722 0.66573 0.59417 0.46291 0.18330 0.09301 0.85717 0.90673 0.94091 1.00000 0.92754 0.72891 0.40198 0.30629
0.61511 0.61030 0.62627 0.65684 0.64211 0.58124 0.29378 0.18312 0.78925 0.84935 0.89597 0.92754 1.00000 0.85614 0.57853 0.49184
0.45521 0.42813 0.43831 0.53413 0.57702 0.68305 0.42692 0.31164 0.61255 0.65496 0.67705 0.72891 0.85614 1.00000 0.75302 0.72746
0.23740 0.19379 0.20208 0.28701 0.38284 0.53204 0.36427 0.21226 0.33485 0.37352 0.37483 0.40198 0.57853 0.75302 1.00000 0.89935
0.16111 0.11603 0.12285 0.22623 0.33938 0.52863 0.38416 0.25193 0.26221 0.28123 0.28261 0.30629 0.49184 0.72746 0.89935 1.00000

