  1.0000   0.6260   0.6348   0.5771   0.2563  -0.5152  -0.5267  -0.5150
  0.6260   1.0000   0.6686   0.6761   0.3795  -0.5979  -0.5948  -0.6159
  0.6348   0.6686   1.0000   0.7727   0.5477  -0.6915  -0.7217  -0.7322
  0.5771   0.6761   0.7727   1.0000   0.5947  -0.6685  -0.8086  -0.8234
  0.2563   0.3795   0.5477   0.5947   1.0000  -0.5251  -0.6999  -0.7235
 -0.5152  -0.5979  -0.6915  -0.6685  -0.5251   1.0000   0.3114   0.4337
 -0.5267  -0.5948  -0.7217  -0.8086  -0.6999   0.3114   1.0000   0.8247
 -0.5150  -0.6159  -0.7322  -0.8234  -0.7235   0.4337   0.8247   1.0000
