1.000  0.877  0.886  0.873  0.812  0.656  0.369  0.288
0.877  1.000  0.911  0.918  0.868  0.700  0.412  0.313
0.886  0.911  1.000  0.948  0.910  0.721  0.413  0.314
0.873  0.918  0.948  1.000  0.938  0.769  0.441  0.339
0.812  0.868  0.910  0.938  1.000  0.875  0.597  0.503
0.656  0.700  0.721  0.769  0.875  1.000  0.753  0.718
0.369  0.412  0.413  0.441  0.597  0.753  1.000  0.894
0.288  0.313  0.314  0.339  0.503  0.718  0.894  1.000
