1    0.842391544    0.877542734    0.862934862    0.765230795    0.595625939    0.208128425    0.166551002
0.842391544        1        0.879806501    0.867180477    0.753652944    0.561649115    0.183227219    0.141245581
0.877542734        0.879806501    1        0.918857542    0.828109935    0.628036282    0.19096228    0.188751891
0.862934862        0.867180477    0.918857542    1        0.907420841    0.762967333    0.291674481    0.305508832
0.765230795        0.753652944    0.828109935    0.907420841    1        0.886894213    0.437175781    0.49833938
0.595625939        0.561649115    0.628036282    0.762967333    0.886894213    1        0.573048687    0.608936733
0.208128425        0.183227219    0.19096228    0.291674481    0.437175781    0.573048687    1        0.725495759
0.166551002        0.141245581    0.188751891    0.305508832    0.49833938    0.608936733    0.725495759    1
