1.000   0.869   0.882   0.873   0.832   0.690   0.415   0.327
0.869   1.000   0.905   0.917   0.882   0.727   0.457   0.357
0.882   0.905   1.000   0.945   0.928   0.751   0.455   0.356
0.873   0.917   0.945   1.000   0.946   0.788   0.481   0.385
0.832   0.882   0.928   0.946   1.000   0.865   0.600   0.514
0.690   0.727   0.751   0.788   0.865   1.000   0.756   0.741
0.415   0.457   0.455   0.481   0.600   0.756   1.000   0.888
0.327   0.357   0.356   0.385   0.514   0.741   0.888   1.000
