 1.000   0.689   0.712   0.684   0.557  -0.175  -0.585  -0.623
 0.689   1.000   0.745   0.770   0.653  -0.211  -0.631  -0.694
 0.712   0.745   1.000   0.840   0.793  -0.212  -0.736  -0.787
 0.684   0.770   0.840   1.000   0.817  -0.173  -0.780  -0.825
 0.557   0.653   0.793   0.817   1.000  -0.129  -0.752  -0.795
-0.175  -0.211  -0.212  -0.173  -0.129   1.000  -0.142   0.060
-0.585  -0.631  -0.736  -0.780  -0.752  -0.142   1.000   0.760
-0.623  -0.694  -0.787  -0.825  -0.795   0.060   0.760   1.000
