1.000   0.884   0.911   0.901   0.828   0.700   0.362   0.297
0.884   1.000   0.913   0.904   0.820   0.675   0.343   0.278
0.911   0.913   1.000   0.942   0.875   0.726   0.353   0.319
0.901   0.904   0.942   1.000   0.933   0.825   0.431   0.413
0.828   0.820   0.875   0.933   1.000   0.916   0.541   0.566
0.700   0.675   0.726   0.825   0.916   1.000   0.643   0.653
0.362   0.343   0.353   0.431   0.541   0.643   1.000   0.752
0.297   0.278   0.319   0.413   0.566   0.653   0.752   1.000