1.000  0.884  0.911  0.901  0.828  0.700  0.362  0.297  0.433  0.427  0.439  0.433  0.410  0.326  0.195  0.129
0.884  1.000  0.913  0.904  0.820  0.675  0.343  0.278  0.428  0.429  0.438  0.439  0.403  0.300  0.155  0.089
0.911  0.913  1.000  0.942  0.875  0.726  0.353  0.319  0.422  0.421  0.445  0.438  0.412  0.308  0.161  0.095
0.901  0.904  0.942  1.000  0.933  0.825  0.431  0.413  0.384  0.394  0.414  0.420  0.419  0.369  0.229  0.184
0.828  0.820  0.875  0.933  1.000  0.916  0.541  0.566  0.324  0.337  0.371  0.374  0.419  0.420  0.319  0.298
0.700  0.675  0.726  0.825  0.916  1.000  0.643  0.653  0.223  0.243  0.268  0.286  0.376  0.509  0.453  0.471
0.362  0.343  0.353  0.431  0.541  0.643  1.000  0.752  0.055  0.073  0.080  0.100  0.194  0.335  0.302  0.343
0.297  0.278  0.319  0.413  0.566  0.653  0.752  1.000  0.009  0.022  0.035  0.047  0.134  0.266  0.210  0.259
0.433  0.428  0.422  0.384  0.324  0.223  0.055  0.009  1.000  0.869  0.882  0.873  0.832  0.690  0.415  0.327
0.427  0.429  0.421  0.394  0.337  0.243  0.073  0.022  0.869  1.000  0.905  0.917  0.882  0.727  0.457  0.357
0.439  0.438  0.445  0.414  0.371  0.268  0.080  0.035  0.882  0.905  1.000  0.945  0.928  0.751  0.455  0.356
0.433  0.439  0.438  0.420  0.374  0.286  0.100  0.047  0.873  0.917  0.945  1.000  0.946  0.788  0.481  0.385
0.410  0.403  0.412  0.419  0.419  0.376  0.194  0.134  0.832  0.882  0.928  0.946  1.000  0.865  0.600  0.514
0.326  0.300  0.308  0.369  0.420  0.509  0.335  0.266  0.690  0.727  0.751  0.788  0.865  1.000  0.756  0.741
0.195  0.155  0.161  0.229  0.319  0.453  0.302  0.210  0.415  0.457  0.455  0.481  0.600  0.756  1.000  0.888
0.129  0.089  0.095  0.184  0.298  0.471  0.343  0.259  0.327  0.357  0.356  0.385  0.514  0.741  0.888	 1.000
