0.00276 0.000561 -0.000195 0.000146 0.000396 0.000638 0.000844 0.001117 0.00086
0.000561  0.002771 0.00159  0.000965 0.002011 0.003759 0.005241 0.00715 0.005339
-0.000195  0.00159  0.002332 0.001524 0.002409 0.003629 0.005109 0.007435 0.005552
0.000146  0.000965 0.001524 0.003053 0.002976 0.002489 0.003197 0.004467 0.003481
0.000396  0.002011 0.002409 0.002976 0.010258 0.006499 0.007921 0.011924 0.006963
0.000638  0.003759 0.003629 0.002489 0.006499 0.028482 0.019417 0.02304  0.01485
0.000844  0.005241 0.005109 0.003197 0.007921 0.019417 0.06033  0.04348  0.021354
0.001117  0.00715  0.007435 0.004467 0.011924 0.02304  0.04348  0.114784 0.039661
0.00086   0.005339 0.005552 0.003481 0.006963 0.01485  0.021354 0.039661 0.152195