1.00  0.48  0.24  0.19  0.19  0.14  0.26
0.48  1.00  0.86  0.86  0.85  0.65  0.69
0.24  0.86  1.00  0.94  0.93  0.78  0.82
0.19  0.86  0.94  1.00  0.98  0.88  0.80
0.19  0.85  0.93  0.98  1.00  0.90  0.80
0.14  0.65  0.78  0.88  0.90  1.00  0.72
0.26  0.69  0.82  0.80  0.80  0.80  1.00
