1.00   0.52 -0.36 -0.83 -0.86 -0.63 -0.24
0.52   1.00  0.10 -0.22 -0.33 -0.75 -0.30
-0.36  0.10  1.00  0.42  0.26 -0.23  0.17
-0.83 -0.22  0.42  1.00  0.82  0.41  0.02
-0.86 -0.33  0.26  0.82  1.00  0.52  0.03
-0.63 -0.75 -0.23  0.41  0.52  1.00 -0.05
-0.24 -0.30  0.17  0.02  0.03 -0.05  1.00
