1.0000 0.3314 0.3082 0.2952 0.2582 0.2582 0.2318 0.1780 0.1392
0.3314 1.0000 0.4416 0.4315 0.3925 0.3903 0.3524 0.2754 0.1955
0.3082 0.4416 1.0000 0.5036 0.4599 0.4535 0.4036 0.3155 0.1859
0.2952 0.4315 0.5036 1.0000 0.4946 0.4805 0.4269 0.3319 0.1752
0.2582 0.3925 0.4599 0.4946 1.0000 0.4429 0.3920 0.3112 0.1528
0.2582 0.3903 0.4535 0.4805 0.4429 1.0000 0.3923 0.3015 0.1625
0.2318 0.3524 0.4036 0.4269 0.3920 0.3923 1.0000 0.2940 0.1727
0.1780 0.2754 0.3155 0.3319 0.3112 0.3015 0.2940 1.0000 0.1401
0.1392 0.1955 0.1859 0.1752 0.1528 0.1625 0.1727 0.1401 1.0000
