1 0.83 0.79 0.72 0.58 0.45 0.32 0.24
0.83 1 0.85 0.83 0.74 0.63 0.51 0.44
0.79 0.85 1 0.84 0.76 0.67 0.55 0.47
0.72 0.83 0.84 1 0.83 0.75 0.66 0.57
0.58 0.74 0.76 0.83 1 0.83 0.76 0.68
0.45 0.63 0.67 0.75 0.83 1 0.82 0.76
0.32 0.51 0.55 0.66 0.76 0.82 1 0.81
0.24 0.44 0.47 0.57 0.68 0.76 0.81 1
