1 0.69 0.64 0.54 0.47 0.44 0.4
0.69 1 0.83 0.66 0.59 0.57 0.54
0.64 0.83 1 0.75 0.69 0.66 0.61
0.54 0.66 0.75 1 0.81 0.76 0.67
0.47 0.59 0.69 0.81 1 0.8 0.73
0.44 0.57 0.66 0.76 0.8 1 0.87
0.4 0.54 0.61 0.67 0.73 0.87 1
