0.1005  0.05172 0.06101 0.04595 0.07704 0.05136
0.05172 0.06159 0.05052 0.04583 0.06628 0.04689
0.06101 0.05052 0.1505  0.04668 0.08866 0.05459
0.04595 0.04583 0.04668 0.08079 0.05993 0.0429
0.07704 0.06628 0.08866 0.05993 0.3415  0.09206
0.05136 0.04689 0.05459 0.0429 0.09206  0.1116
