0.0716895 0.0166114 0.065507  0.0232243  0.0315353  0.0398808 0.0347689 0.05635 0.03908 0.04389 0.03804 0.05531 0.03792
0.0166114 0.0935784 0.0262206 0.0337246  0.0293716  0.0431473 0.0384238 0.03997 0.0534  0.04907 0.04139 0.06274 0.04262
0.065507  0.0262206 0.230568  0.0585712  0.0650908  0.0850014 0.0798983 0.02762 0.0792  0.08397 0.06084 0.096   0.07917
0.0232243 0.0337246 0.0585712 0.242144   0.01468026 0.0536218 0.0440962 0.05094 0.04688 0.090   0.05665 0.0862  0.05317
0.0315353 0.0293716 0.0650908 0.01468026 0.0832293  0.0450185 0.0400094 0.05027 0.04561 0.06319 0.0541  0.06338 0.04412
0.0398808 0.0431473 0.0850014 0.0536218  0.0450185  0.292844  0.0440944 0.06095 0.05581 0.07416 0.05249 0.114   0.09634
0.0347689 0.0384238 0.0798983 0.0440962  0.0400094  0.0440944 0.151416  0.0734  0.05061 0.06029 0.04613 0.098   0.0894
0.05635   0.03997   0.02762   0.05094    0.05027    0.06095   0.0734    0.1005  0.05172 0.06101 0.04595 0.07704 0.05136
0.03908   0.0534    0.0792    0.04688    0.04561    0.05581   0.05061   0.05172 0.06159 0.05052 0.04583 0.06628 0.04689
0.04389   0.04907   0.08397   0.090      0.06319    0.07416   0.06029   0.06101 0.05052 0.1505  0.04668 0.08866 0.05459
0.03804   0.04139   0.06084   0.05665    0.0541     0.05249   0.04613   0.04595 0.04583 0.04668 0.08079 0.05993 0.0429
0.05531   0.06274   0.096     0.0862     0.06338    0.114     0.098     0.07704 0.06628 0.08866 0.05993 0.3415  0.09206
0.03792   0.04262   0.07917   0.05317    0.04412    0.09634   0.0894    0.05136 0.04689 0.05459 0.0429 0.09206  0.1116

