1 0.25 0.21 0.17 0.092 0.052 0.069 0.08 0.04
0.25 1 0.78 0.62 0.35 0.2 0.26 0.32 0.15
0.21 0.78 1 0.84 0.67 0.52 0.53 0.58 0.3
0.17 0.62 0.84 1 0.81 0.71 0.69 0.71 0.42
0.092 0.35 0.67 0.81 1 0.83 0.78 0.76 0.46
0.052 0.2 0.52 0.71 0.83 1 0.79 0.76 0.51
0.069 0.26 0.53 0.69 0.78 0.79 1 0.79 0.58
0.08 0.32 0.58 0.71 0.76 0.76 0.79 1 0.63
0.04 0.15 0.3 0.42 0.46 0.51 0.58 0.63 1
