1.0000 0.9251 0.6374 0.1129 -0.1836 0.0957 0.0379
0.9251 1.0000 0.8207 0.2414 -0.1515 -0.0040 -0.0950
0.6374 0.8207 1.0000 0.6146 0.2096 0.0140 -0.1690
0.1129 0.2414 0.6146 1.0000 0.8227 0.4101 0.2648
-0.1836 -0.1515 0.2096 0.8227 1.0000 0.6932 0.5369
0.0957 -0.0040 0.0140 0.4101 0.6932 1.0000 0.9123
0.0379 -0.0950 -0.1690 0.2648 0.5369 0.9123 1.0000
