1.0000 0.7498 0.2174 0.0613 0.2618 0.2688 0.1138
0.7498 1.0000 0.7250 0.6070 0.6531 0.5901 0.4528
0.2174 0.7250 1.0000 0.9347 0.8606 0.8006 0.7595
0.0613 0.6070 0.9347 1.0000 0.9055 0.8161 0.7710
0.2618 0.6531 0.8606 0.9055 1.0000 0.9267 0.7907
0.2688 0.5901 0.8006 0.8161 0.9267 1.0000 0.8417
0.1138 0.4528 0.7595 0.7710 0.7907 0.8417 1.0000
