1.0000 0.8487 0.8255 0.8175 0.7867 0.7692 0.7225
0.8487 1.0000 0.8875 0.8768 0.8495 0.8337 0.7781
0.8255 0.8875 1.0000 0.8857 0.8591 0.8469 0.7902
0.8175 0.8768 0.8857 1.0000 0.8635 0.8513 0.7939
0.7867 0.8495 0.8591 0.8635 1.0000 0.8411 0.7827
0.7692 0.8337 0.8469 0.8513 0.8411 1.0000 0.7860
0.7225 0.7781 0.7902 0.7939 0.7827 0.7860 1.0000
