1.00 0.85 0.85 0.84 0.78 0.74 0.69 0.56 0.69 0.59 0.60 0.58 0.52 
0.85 1.00 0.86 0.85 0.82 0.79 0.75 0.64 0.75 0.65 0.65 0.63 0.57 
0.85 0.86 1.00 0.88 0.86 0.84 0.79 0.68 0.78 0.65 0.66 0.65 0.59 
0.84 0.85 0.88 1.00 0.87 0.85 0.81 0.70 0.79 0.65 0.68 0.66 0.59 
0.78 0.82 0.86 0.87 1.00 0.88 0.84 0.71 0.77 0.63 0.65 0.53 0.58 
0.74 0.79 0.84 0.85 0.88 1.00 0.84 0.74 0.79 0.64 0.66 0.64 0.69 
0.69 0.75 0.79 0.81 0.84 0.84 1.00 0.78 0.79 0.67 0.67 0.65 0.59 
0.56 0.64 0.68 0.70 0.71 0.74 0.78 1.00 0.78 0.69 0.71 0.68 0.61 
0.69 0.75 0.78 0.79 0.77 0.79 0.79 0.78 1.00 0.74 0.75 0.74 0.67 
0.59 0.65 0.65 0.65 0.63 0.64 0.67 0.69 0.74 1.00 0.68 0.66 0.60 
0.60 0.65 0.66 0.68 0.65 0.66 0.67 0.71 0.75 0.68 1.00 0.71 0.63 
0.58 0.63 0.65 0.66 0.53 0.64 0.65 0.68 0.74 0.66 0.71 1.00 0.63 
0.52 0.57 0.59 0.59 0.58 0.69 0.59 0.61 0.67 0.60 0.63 0.63 1.00 
