1.2599e-02 2.6129e-02 3.7555e-02 6.5734e-02 1.1998e-01 1.8988e-01 2.7197e-01 2.5907e-01
2.6129e-02 1.1895e-01 1.1718e-01 2.0749e-01 3.8839e-01 6.3270e-01 9.0744e-01 8.8464e-01
3.7555e-02 1.1718e-01 2.7475e-01 3.1875e-01 6.2102e-01 9.9928e-01 1.4528e+00 1.4162e+00
6.5734e-02 2.0749e-01 3.1875e-01 8.9396e-01 1.1003e+00 1.8397e+00 2.6448e+00 2.5807e+00
1.1998e-01 3.8839e-01 6.2102e-01 1.1003e+00 3.3403e+00 3.5110e+00 5.1903e+00 5.1184e+00
1.8988e-01 6.3270e-01 9.9928e-01 1.8397e+00 3.5110e+00 8.9091e+00 8.4288e+00 8.5263e+00
2.7197e-01 9.0744e-01 1.4528e+00 2.6448e+00 5.1903e+00 8.4288e+00 1.8772e+01 1.2157e+01
2.5907e-01 8.8464e-01 1.4162e+00 2.5807e+00 5.1184e+00 8.5263e+00 1.2157e+01 1.8489e+01
