9.4673e-02 8.0737e-02 9.7882e-02 1.2900e-01 1.2606e-01 1.3621e-01 1.2892e-01 8.9944e-02 7.1016e-02 5.5918e-02
8.0737e-02 1.9628e-01 1.3649e-01 1.9306e-01 1.8497e-01 2.0154e-01 1.8489e-01 1.2844e-01 1.0428e-01 8.0629e-02
9.7882e-02 1.3649e-01 2.7548e-01 2.1388e-01 2.2870e-01 2.3916e-01 2.2350e-01 1.5628e-01 1.2718e-01 9.7945e-02
1.2900e-01 1.9306e-01 2.1388e-01 5.0306e-01 2.7645e-01 3.3703e-01 3.0849e-01 2.1208e-01 1.7127e-01 1.3200e-01
1.2606e-01 1.8497e-01 2.2870e-01 2.7645e-01 4.9934e-01 2.8993e-01 3.1560e-01 2.1063e-01 1.6691e-01 1.2604e-01
1.3621e-01 2.0154e-01 2.3916e-01 3.3703e-01 2.8993e-01 5.8385e-01 3.0179e-01 2.3983e-01 1.8337e-01 1.3787e-01
1.2892e-01 1.8489e-01 2.2350e-01 3.0849e-01 3.1560e-01 3.0179e-01 5.0913e-01 1.9846e-01 1.7424e-01 1.3037e-01
8.9944e-02 1.2844e-01 1.5628e-01 2.1208e-01 2.1063e-01 2.3983e-01 1.9846e-01 2.4579e-01 1.1225e-01 8.9726e-02
7.1016e-02 1.0428e-01 1.2718e-01 1.7127e-01 1.6691e-01 1.8337e-01 1.7424e-01 1.1225e-01 1.5468e-01 7.3438e-02
5.5918e-02 8.0629e-02 9.7945e-02 1.3200e-01 1.2604e-01 1.3787e-01 1.3037e-01 8.9726e-02 7.3438e-02 9.1564e-02
