5.2526e-02 3.4355e-02 3.1208e-02 3.0072e-02 2.8658e-02 2.7942e-02 2.7777e-02 2.7459e-02 3.9047e-02 2.9939e-02 3.0630e-02 2.9198e-02 2.9662e-02 2.9324e-02 2.9789e-02 3.0092e-02 2.9610e-02 3.1014e-02
3.4355e-02 4.9573e-02 3.0812e-02 3.0336e-02 2.9511e-02 2.9286e-02 2.9316e-02 2.9356e-02 3.7319e-02 2.9732e-02 3.0131e-02 2.9544e-02 3.0315e-02 3.0360e-02 3.1465e-02 3.1483e-02 3.0412e-02 3.1179e-02
3.1208e-02 3.0812e-02 4.5088e-02 2.9288e-02 2.9597e-02 2.9386e-02 2.9563e-02 2.9973e-02 3.3058e-02 2.8608e-02 2.9604e-02 2.9165e-02 2.9755e-02 3.0035e-02 3.0463e-02 3.0645e-02 3.0060e-02 3.0804e-02
3.0072e-02 3.0336e-02 2.9288e-02 4.5188e-02 2.9336e-02 3.0053e-02 3.0077e-02 3.0670e-02 3.1685e-02 2.8473e-02 2.9406e-02 2.9576e-02 3.0015e-02 3.0272e-02 3.0719e-02 3.0853e-02 3.0260e-02 3.1138e-02
2.8658e-02 2.9511e-02 2.9597e-02 2.9336e-02 4.5118e-02 2.9708e-02 3.0713e-02 3.1231e-02 3.0688e-02 2.8013e-02 2.9252e-02 2.9389e-02 2.9920e-02 3.0722e-02 3.0900e-02 3.1133e-02 3.0471e-02 3.1004e-02
2.7942e-02 2.9286e-02 2.9386e-02 3.0053e-02 2.9708e-02 4.5744e-02 3.0234e-02 3.1910e-02 3.0158e-02 2.7996e-02 2.8937e-02 2.9484e-02 3.0121e-02 3.0866e-02 3.1203e-02 3.1429e-02 3.0500e-02 3.1056e-02
2.7777e-02 2.9316e-02 2.9563e-02 3.0077e-02 3.0713e-02 3.0234e-02 4.6416e-02 3.1598e-02 3.0116e-02 2.7961e-02 2.9350e-02 2.9616e-02 3.0332e-02 3.1051e-02 3.1486e-02 3.1825e-02 3.0799e-02 3.1135e-02
2.7459e-02 2.9356e-02 2.9973e-02 3.0670e-02 3.1231e-02 3.1910e-02 3.1598e-02 4.8960e-02 3.0385e-02 2.8391e-02 2.9454e-02 3.0244e-02 3.0792e-02 3.1576e-02 3.2109e-02 3.2428e-02 3.1790e-02 3.2557e-02
3.9047e-02 3.7319e-02 3.3058e-02 3.1685e-02 3.0688e-02 3.0158e-02 3.0116e-02 3.0385e-02 5.6987e-02 3.0024e-02 3.1643e-02 3.0305e-02 3.1111e-02 3.0930e-02 3.2004e-02 3.2188e-02 3.1496e-02 3.2906e-02
2.9939e-02 2.9732e-02 2.8608e-02 2.8473e-02 2.8013e-02 2.7996e-02 2.7961e-02 2.8391e-02 3.0024e-02 4.3727e-02 2.6777e-02 2.8103e-02 2.7910e-02 2.8182e-02 2.8466e-02 2.8416e-02 2.8194e-02 2.9131e-02
3.0630e-02 3.0131e-02 2.9604e-02 2.9406e-02 2.9252e-02 2.8937e-02 2.9350e-02 2.9454e-02 3.1643e-02 2.6777e-02 4.6691e-02 2.6848e-02 2.9861e-02 2.9104e-02 2.9577e-02 2.9829e-02 2.9203e-02 2.9853e-02
2.9198e-02 2.9544e-02 2.9165e-02 2.9576e-02 2.9389e-02 2.9484e-02 2.9616e-02 3.0244e-02 3.0305e-02 2.8103e-02 2.6848e-02 4.6000e-02 2.6703e-02 3.0492e-02 2.9738e-02 3.0060e-02 2.9208e-02 2.9637e-02
2.9662e-02 3.0315e-02 2.9755e-02 3.0015e-02 2.9920e-02 3.0121e-02 3.0332e-02 3.0792e-02 3.1111e-02 2.7910e-02 2.9861e-02 2.6703e-02 5.0041e-02 2.7043e-02 3.1689e-02 3.0605e-02 2.9804e-02 3.0156e-02
2.9324e-02 3.0360e-02 3.0035e-02 3.0272e-02 3.0722e-02 3.0866e-02 3.1051e-02 3.1576e-02 3.0930e-02 2.8182e-02 2.9104e-02 3.0492e-02 2.7043e-02 5.0693e-02 2.8474e-02 3.2509e-02 3.0155e-02 3.0437e-02
2.9789e-02 3.1465e-02 3.0463e-02 3.0719e-02 3.0900e-02 3.1203e-02 3.1486e-02 3.2109e-02 3.2004e-02 2.8466e-02 2.9577e-02 2.9738e-02 3.1689e-02 2.8474e-02 5.1376e-02 2.9138e-02 3.1526e-02 3.1046e-02
3.0092e-02 3.1483e-02 3.0645e-02 3.0853e-02 3.1133e-02 3.1429e-02 3.1825e-02 3.2428e-02 3.2188e-02 2.8416e-02 2.9829e-02 3.0060e-02 3.0605e-02 3.2509e-02 2.9138e-02 5.2804e-02 2.9229e-02 3.1557e-02
2.9610e-02 3.0412e-02 3.0060e-02 3.0260e-02 3.0471e-02 3.0500e-02 3.0799e-02 3.1790e-02 3.1496e-02 2.8194e-02 2.9203e-02 2.9208e-02 2.9804e-02 3.0155e-02 3.1526e-02 2.9229e-02 4.8294e-02 3.0692e-02
3.1014e-02 3.1179e-02 3.0804e-02 3.1138e-02 3.1004e-02 3.1056e-02 3.1135e-02 3.2557e-02 3.2906e-02 2.9131e-02 2.9853e-02 2.9637e-02 3.0156e-02 3.0437e-02 3.1046e-02 3.1557e-02 3.0692e-02 4.9818e-02
