6.3088e-02 3.0781e-02 4.0147e-02 3.8022e-02 3.9751e-02 3.9649e-02
3.0781e-02 5.7937e-02 3.3163e-02 4.3403e-02 3.9082e-02 4.0228e-02
4.0147e-02 3.3163e-02 6.8669e-02 3.3366e-02 4.4620e-02 4.2988e-02
3.8022e-02 4.3403e-02 3.3366e-02 1.0057e-01 4.3046e-02 5.3243e-02
3.9751e-02 3.9082e-02 4.4620e-02 4.3046e-02 9.1066e-02 5.4424e-02
3.9649e-02 4.0228e-02 4.2988e-02 5.3243e-02 5.4424e-02 1.4045e-01
