6.3088e-02 3.0781e-02 4.0147e-02 3.8022e-02 3.9751e-02 3.9649e-02 3.9862e-02 3.8821e-02 3.7288e-02 3.5802e-02 4.1657e-02 3.7459e-02
3.0781e-02 5.7937e-02 3.3163e-02 4.3403e-02 3.9082e-02 4.0228e-02 4.2216e-02 3.8306e-02 3.8732e-02 3.5772e-02 4.3624e-02 3.8566e-02
4.0147e-02 3.3163e-02 6.8669e-02 3.3366e-02 4.4620e-02 4.2988e-02 4.3671e-02 4.1329e-02 4.0654e-02 3.8674e-02 4.7085e-02 3.9799e-02
3.8022e-02 4.3403e-02 3.3366e-02 1.0057e-01 4.3046e-02 5.3243e-02 5.5365e-02 4.2876e-02 4.6024e-02 4.2147e-02 5.3486e-02 4.6874e-02
3.9751e-02 3.9082e-02 4.4620e-02 4.3046e-02 9.1066e-02 5.4424e-02 5.6616e-02 4.3865e-02 4.5460e-02 4.4122e-02 6.0151e-02 4.6606e-02
3.9649e-02 4.0228e-02 4.2988e-02 5.3243e-02 5.4424e-02 1.4045e-01 5.7298e-02 4.4338e-02 4.6582e-02 4.3609e-02 6.3677e-02 5.4230e-02
3.9862e-02 4.2216e-02 4.3671e-02 5.5365e-02 5.6616e-02 5.7298e-02 1.5262e-01 1.7460e-02 4.7487e-02 3.7130e-02 5.5434e-02 4.2667e-02
3.8821e-02 3.8306e-02 4.1329e-02 4.2876e-02 4.3865e-02 4.4338e-02 1.7460e-02 7.6861e-02 3.0999e-02 3.8894e-02 4.3433e-02 4.0207e-02
3.7288e-02 3.8732e-02 4.0654e-02 4.6024e-02 4.5460e-02 4.6582e-02 4.7487e-02 3.0999e-02 6.8739e-02 3.1860e-02 4.7436e-02 4.0105e-02
3.5802e-02 3.5772e-02 3.8674e-02 4.2147e-02 4.4122e-02 4.3609e-02 3.7130e-02 3.8894e-02 3.1860e-02 6.3441e-02 3.6087e-02 3.9464e-02
4.1657e-02 4.3624e-02 4.7085e-02 5.3486e-02 6.0151e-02 6.3677e-02 5.5434e-02 4.3433e-02 4.7436e-02 3.6087e-02 9.3735e-02 4.1997e-02
3.7459e-02 3.8566e-02 3.9799e-02 4.6874e-02 4.6606e-02 5.4230e-02 4.2667e-02 4.0207e-02 4.0105e-02 3.9464e-02 4.1997e-02 6.7054e-02
