2.6996e-06 4.1926e-07 1.2656e-06 1.2835e-06 1.9734e-06 2.1407e-06
4.1926e-07 3.8078e-06 1.4312e-06 2.6043e-06 2.6721e-06 3.3773e-06
1.2656e-06 1.4312e-06 3.2615e-06 2.0142e-06 2.9086e-06 3.2842e-06
1.2835e-06 2.6043e-06 2.0142e-06 5.7968e-06 3.0423e-06 4.5966e-06
1.9734e-06 2.6721e-06 2.9086e-06 3.0423e-06 7.7057e-06 4.6533e-06
2.1407e-06 3.3773e-06 3.2842e-06 4.5966e-06 4.6533e-06 1.0110e-05
