1.5262e-01 1.7460e-02 4.7487e-02 3.7130e-02 5.5434e-02 4.2667e-02
1.7460e-02 7.6861e-02 3.0999e-02 3.8894e-02 4.3433e-02 4.0207e-02
4.7487e-02 3.0999e-02 6.8739e-02 3.1860e-02 4.7436e-02 4.0105e-02
3.7130e-02 3.8894e-02 3.1860e-02 6.3441e-02 3.6087e-02 3.9464e-02
5.5434e-02 4.3433e-02 4.7436e-02 3.6087e-02 9.3735e-02 4.1997e-02
4.2667e-02 4.0207e-02 4.0105e-02 3.9464e-02 4.1997e-02 6.7054e-02
