2.7241e-01 2.6327e-01 3.0489e-01 1.2947e-01 9.3397e-02 3.6977e-02 3.1637e-04 5.6600e-04 5.0859e-04 7.0557e-04 7.7516e-04 9.3316e-04
2.6327e-01 1.1345e+00 5.0864e-01 3.0585e-01 1.9050e-01 7.8514e-02 7.4058e-04 1.1392e-03 1.1234e-03 1.4629e-03 1.6928e-03 2.0171e-03
3.0489e-01 5.0864e-01 9.6718e-01 1.9434e-01 1.8765e-01 7.1173e-02 6.5431e-04 1.0521e-03 9.9670e-04 1.3347e-03 1.5719e-03 1.7593e-03
1.2947e-01 3.0585e-01 1.9434e-01 2.7978e-01 7.8004e-02 3.9580e-02 3.6956e-04 4.8166e-04 5.1181e-04 6.5105e-04 7.9084e-04 9.2264e-04
9.3397e-02 1.9050e-01 1.8765e-01 7.8004e-02 1.2545e-01 2.8542e-02 2.5897e-04 3.4820e-04 3.5501e-04 4.7341e-04 6.3496e-04 6.7170e-04
3.6977e-02 7.8514e-02 7.1173e-02 3.9580e-02 2.8542e-02 2.9148e-02 9.4057e-05 1.4311e-04 1.4473e-04 1.8975e-04 2.6040e-04 2.9943e-04
3.1637e-04 7.4058e-04 6.5431e-04 3.6956e-04 2.5897e-04 9.4057e-05 2.6996e-06 4.1926e-07 1.2656e-06 1.2835e-06 1.9734e-06 2.1407e-06
5.6600e-04 1.1392e-03 1.0521e-03 4.8166e-04 3.4820e-04 1.4311e-04 4.1926e-07 3.8078e-06 1.4312e-06 2.6043e-06 2.6721e-06 3.3773e-06
5.0859e-04 1.1234e-03 9.9670e-04 5.1181e-04 3.5501e-04 1.4473e-04 1.2656e-06 1.4312e-06 3.2615e-06 2.0142e-06 2.9086e-06 3.2842e-06
7.0557e-04 1.4629e-03 1.3347e-03 6.5105e-04 4.7341e-04 1.8975e-04 1.2835e-06 2.6043e-06 2.0142e-06 5.7968e-06 3.0423e-06 4.5966e-06
7.7516e-04 1.6928e-03 1.5719e-03 7.9084e-04 6.3496e-04 2.6040e-04 1.9734e-06 2.6721e-06 2.9086e-06 3.0423e-06 7.7057e-06 4.6533e-06
9.3316e-04 2.0171e-03 1.7593e-03 9.2264e-04 6.7170e-04 2.9943e-04 2.1407e-06 3.3773e-06 3.2842e-06 4.5966e-06 4.6533e-06 1.0110e-05
