2.7241e-01 2.6327e-01 3.0489e-01 1.2947e-01 9.3397e-02 3.6977e-02
2.6327e-01 1.1345e+00 5.0864e-01 3.0585e-01 1.9050e-01 7.8514e-02
3.0489e-01 5.0864e-01 9.6718e-01 1.9434e-01 1.8765e-01 7.1173e-02
1.2947e-01 3.0585e-01 1.9434e-01 2.7978e-01 7.8004e-02 3.9580e-02
9.3397e-02 1.9050e-01 1.8765e-01 7.8004e-02 1.2545e-01 2.8542e-02
3.6977e-02 7.8514e-02 7.1173e-02 3.9580e-02 2.8542e-02 2.9148e-02
