1 0 0 0 0 0 0 0 0
0 1 0.55 0.4 0.12 -0.027 -0.025 0.011 -0.021
0 0.55 1 0.87 0.64 0.4 0.37 0.43 0.28
0 0.4 0.87 1 0.79 0.59 0.52 0.54 0.37
0 0.12 0.64 0.79 1 0.85 0.7 0.61 0.43
0 -0.027 0.4 0.59 0.85 1 0.76 0.6 0.43
0 -0.025 0.37 0.52 0.7 0.76 1 0.74 0.63
0 0.011 0.43 0.54 0.61 0.6 0.74 1 0.78
0 -0.021 0.28 0.37 0.43 0.43 0.63 0.78 1
