1 0.64 0.64 0.62 0.6 0.56 0.54 0.47 0.35
0.64 1 0.78 0.77 0.75 0.72 0.7 0.59 0.44
0.64 0.78 1 0.82 0.82 0.79 0.77 0.66 0.49
0.62 0.77 0.82 1 0.84 0.82 0.82 0.71 0.54
0.6 0.75 0.82 0.84 1 0.83 0.83 0.74 0.57
0.56 0.72 0.79 0.82 0.83 1 0.83 0.75 0.59
0.54 0.7 0.77 0.82 0.83 0.83 1 0.79 0.64
0.47 0.59 0.66 0.71 0.74 0.75 0.79 1 0.64
0.35 0.44 0.49 0.54 0.57 0.59 0.64 0.64 1
