0.039  0.018  0.015  0.01  0.0059  -0.0053
0.018  0.018  0.013  0.01  0.0091  0.0017
0.015  0.013  0.02  0.014  0.018  0.013
0.01  0.01  0.014  0.027  0.031  0.033
0.0059  0.0091  0.018  0.031  0.1  0.084
-0.0053  0.0017  0.013  0.033  0.084  0.15
