1 0.78 0.71 0.71 0.73 0.71 0.66 0.65 0.78 0.73 0.72 0.69 0.6 
0.78 1 0.82 0.82 0.83 0.82 0.78 0.76 0.84 0.74 0.74 0.73 0.64 
0.71 0.82 1 0.87 0.86 0.86 0.83 0.81 0.85 0.72 0.73 0.73 0.65 
0.71 0.82 0.87 1 0.89 0.88 0.85 0.83 0.85 0.73 0.75 0.74 0.66 
0.73 0.83 0.86 0.89 1 0.9 0.86 0.83 0.87 0.75 0.76 0.76 0.67 
0.71 0.82 0.86 0.88 0.9 1 0.86 0.83 0.86 0.74 0.75 0.75 0.67 
0.66 0.78 0.83 0.85 0.86 0.86 1 0.82 0.84 0.72 0.73 0.73 0.66 
0.65 0.76 0.81 0.83 0.83 0.83 0.82 1 0.82 0.72 0.73 0.72 0.65 
0.78 0.84 0.85 0.85 0.87 0.86 0.84 0.82 1 0.8 0.8 0.79 0.71 
0.73 0.74 0.72 0.73 0.75 0.74 0.72 0.72 0.8 1 0.75 0.73 0.66 
0.72 0.74 0.73 0.75 0.76 0.75 0.73 0.73 0.8 0.75 1 0.76 0.67 
0.69 0.73 0.73 0.74 0.76 0.75 0.73 0.72 0.79 0.73 0.76 1 0.66 
0.6 0.64 0.65 0.66 0.67 0.67 0.66 0.65 0.71 0.66 0.67 0.66 1 
