1 0.74 0.72 0.68 0.68 0.59 0.56 
0.74 1 0.87 0.82 0.81 0.72 0.7 
0.72 0.87 1 0.85 0.84 0.76 0.71 
0.68 0.82 0.85 1 0.88 0.83 0.79 
0.68 0.81 0.84 0.88 1 0.84 0.81 
0.59 0.72 0.76 0.83 0.84 1 0.89 
0.56 0.7 0.71 0.79 0.81 0.89 1 
