1.0000 0.7972 0.6115 0.3401 -0.2175 -0.6300 -0.6538 -0.6569
0.7972 1.0000 0.6650 0.4646 -0.0636 -0.5931 -0.7319 -0.7215
0.6115 0.6650 1.0000 0.4977 -0.0031 -0.4587 -0.6706 -0.6740
0.3401 0.4646 0.4977 1.0000 0.1931 -0.2695 -0.5774 -0.5464
-0.2175 -0.0636 -0.0031 0.1931 1.0000 0.2360 -0.1827 -0.1600
-0.6300 -0.5931 -0.4587 -0.2695 0.2360 1.0000 0.4455 0.4297
-0.6538 -0.7319 -0.6706 -0.5774 -0.1827 0.4455 1.0000 0.7724
-0.6569 -0.7215 -0.6740 -0.5464 -0.1600 0.4297 0.7724 1.0000
