1.0000 0.2812 0.1992 0.0244 -0.0165 -0.2894 -0.3614
0.2812 1.0000 0.4578 0.0762 0.0012 -0.4101 -0.5079
0.1992 0.4578 1.0000 0.1801 0.0794 -0.2635 -0.5860
0.0244 0.0762 0.1801 1.0000 0.2653 -0.0376 -0.2881
-0.0165 0.0012 0.0794 0.2653 1.0000 -0.0198 -0.1724
-0.2894 -0.4101 -0.2635 -0.0376 -0.0198 1.0000 0.3278
-0.3614 -0.5079 -0.5860 -0.2881 -0.1724 0.3278 1.0000
