E_nu (GeV),1.5 - 2.0,2.0 - 3.0,3.0 - 4.0,4.0 - 5.0,5.0 - 7.0,7.0 - 9.0,9.0 - 11.0,11.0 - 15.0,15.0 - 20.0
1.5 - 2.0,0.2440,0.0194,-0.0495,-0.0014,0.0044,-0.0004,-0.0000,-0.0000,0.0000
2.0 - 3.0,0.0194,0.0838,0.0015,-0.0059,-0.0009,-0.0000,0.0000,0.0000,-0.0000
3.0 - 4.0,-0.0495,0.0015,0.0590,0.0059,-0.0026,-0.0005,-0.0000,-0.0000,0.0000
4.0 - 5.0,-0.0014,-0.0059,0.0059,0.0967,0.0159,-0.0041,-0.0010,-0.0001,-0.0000
5.0 - 7.0,0.0044,-0.0009,-0.0026,0.0159,0.4430,0.0274,-0.0202,-0.0057,-0.0000
7.0 - 9.0,-0.0004,-0.0000,-0.0005,-0.0041,0.0274,1.6737,0.3357,-0.1557,-0.0181
9.0 - 11.0,-0.0000,0.0000,-0.0000,-0.0010,-0.0202,0.3357,3.4695,0.5463,-0.1972
11.0 - 15.0,-0.0000,0.0000,-0.0000,-0.0001,-0.0057,-0.1557,0.5463,5.0386,0.1996
15.0 - 20.0,0.0000,-0.0000,0.0000,-0.0000,-0.0000,-0.0181,-0.1972,0.1996,12.0922
