E_nu (GeV),1.5 - 2.0,2.0 - 3.0,3.0 - 4.0,4.0 - 5.0,5.0 - 7.0,7.0 - 9.0,9.0 - 11.0,11.0 - 15.0,15.0 - 20.0
1.5 - 2.0,0.0030,0.0131,0.0065,-0.0044,0.0083,0.0343,0.0521,0.0787,0.0342
2.0 - 3.0,0.0131,0.0761,0.0580,0.0073,0.0859,0.2405,0.3736,0.6081,0.3101
3.0 - 4.0,0.0065,0.0580,0.0721,0.0565,0.1320,0.2336,0.3659,0.6337,0.3403
4.0 - 5.0,-0.0044,0.0073,0.0565,0.1085,0.1740,0.1277,0.1769,0.3409,0.1411
5.0 - 7.0,0.0083,0.0859,0.1320,0.1740,0.4139,0.4506,0.6153,1.0507,0.4100
7.0 - 9.0,0.0343,0.2405,0.2336,0.1277,0.4506,0.9108,1.3782,2.2888,1.1480
9.0 - 11.0,0.0521,0.3736,0.3659,0.1769,0.6153,1.3782,2.1542,3.6281,1.9565
11.0 - 15.0,0.0787,0.6081,0.6337,0.3409,1.0507,2.2888,3.6281,6.2100,3.4856
15.0 - 20.0,0.0342,0.3101,0.3403,0.1411,0.4100,1.1480,1.9565,3.4856,2.3443
