3.586500e-07 1.456700e-07 7.857000e-08 1.385000e-08 4.687000e-08 1.645000e-08 8.230000e-09 9.740000e-09 8.230000e-09 9.670000e-09 1.360000e-09
1.456700e-07 4.073600e-07 2.054900e-07 6.624000e-08 7.723000e-08 6.487000e-08 3.817000e-08 2.792000e-08 2.142000e-08 2.138000e-08 2.906000e-08
7.857000e-08 2.054900e-07 3.497200e-07 1.492600e-07 8.265000e-08 7.562000e-08 4.395000e-08 2.311000e-08 2.185000e-08 2.244000e-08 1.398000e-08
1.385000e-08 6.624000e-08 1.492600e-07 3.043500e-07 1.636900e-07 7.236000e-08 3.894000e-08 2.490000e-08 2.723000e-08 1.635000e-08 3.730000e-09
4.687000e-08 7.723000e-08 8.265000e-08 1.636900e-07 3.764100e-07 1.736700e-07 6.477000e-08 3.302000e-08 2.571000e-08 4.230000e-09 3.640000e-09
1.645000e-08 6.487000e-08 7.562000e-08 7.236000e-08 1.736700e-07 3.169000e-07 1.064300e-07 3.407000e-08 2.414000e-08 1.138000e-08 5.450000e-09
8.230000e-09 3.817000e-08 4.395000e-08 3.894000e-08 6.477000e-08 1.064300e-07 1.864600e-07 4.061000e-08 1.603000e-08 7.630000e-09 5.380000e-09
9.740000e-09 2.792000e-08 2.311000e-08 2.490000e-08 3.302000e-08 3.407000e-08 4.061000e-08 9.923000e-08 2.555000e-08 1.278000e-08 3.950000e-09
8.230000e-09 2.142000e-08 2.185000e-08 2.723000e-08 2.571000e-08 2.414000e-08 1.603000e-08 2.555000e-08 7.795000e-08 5.102000e-08 5.800000e-09
9.670000e-09 2.138000e-08 2.244000e-08 1.635000e-08 4.230000e-09 1.138000e-08 7.630000e-09 1.278000e-08 5.102000e-08 1.030800e-07 3.550000e-09
1.360000e-09 2.906000e-08 1.398000e-08 3.730000e-09 3.640000e-09 5.450000e-09 5.380000e-09 3.950000e-09 5.800000e-09 3.550000e-09 8.260000e-09
