8.456600e-07 5.253700e-07 4.507200e-07 4.993100e-07 5.909600e-07 6.767400e-07 6.692400e-07 5.492700e-07
5.253700e-07 4.537820e-06 2.604650e-06 2.169390e-06 3.089890e-06 3.078950e-06 3.085900e-06 2.352240e-06
4.507200e-07 2.604650e-06 8.816760e-06 5.226040e-06 5.069150e-06 5.547030e-06 5.510540e-06 4.526190e-06
4.993100e-07 2.169390e-06 5.226040e-06 1.191497e-05 8.725430e-06 7.102530e-06 7.152860e-06 5.694980e-06
5.909600e-07 3.089890e-06 5.069150e-06 8.725430e-06 1.685074e-05 9.829550e-06 8.980690e-06 7.233930e-06
6.767400e-07 3.078950e-06 5.547030e-06 7.102530e-06 9.829550e-06 1.528130e-05 9.531970e-06 7.438180e-06
6.692400e-07 3.085900e-06 5.510540e-06 7.152860e-06 8.980690e-06 9.531970e-06 1.675244e-05 7.576210e-06
5.492700e-07 2.352240e-06 4.526190e-06 5.694980e-06 7.233930e-06 7.438180e-06 7.576210e-06 1.374618e-05
