0.519E-84 0.817E-84 0.997E-84 1.074E-84 1.244E-84 1.284E-84 0.896E-84 0.666E-84 0.352E-84 0.211E-84 -0.162E-84
0.817E-84 1.934E-84 2.154E-84 2.341E-84 2.542E-84 2.253E-84 1.340E-84 1.150E-84 0.608E-84 0.430E-84 -0.239E-84
0.997E-84 2.154E-84 2.885E-84 3.148E-84 3.495E-84 3.379E-84 2.171E-84 1.630E-84 0.949E-84 0.583E-84 -0.198E-84
1.074E-84 2.341E-84 3.148E-84 3.808E-84 4.236E-84 4.240E-84 2.849E-84 1.777E-84 1.019E-84 0.621E-84 -0.090E-84
1.244E-84 2.542E-84 3.495E-84 4.236E-84 5.253E-84 5.456E-84 3.638E-84 2.285E-84 1.325E-84 0.718E-84 -0.088E-84
1.284E-84 2.253E-84 3.379E-84 4.240E-84 5.456E-84 6.333E-84 4.491E-84 2.476E-84 1.388E-84 0.696E-84 0.002E-84
0.896E-84 1.340E-84 2.171E-84 2.849E-84 3.638E-84 4.491E-84 3.552E-84 1.600E-84 0.835E-84 0.391E-84 0.091E-84
0.666E-84 1.150E-84 1.630E-84 1.777E-84 2.285E-84 2.476E-84 1.600E-84 1.327E-84 0.754E-84 0.425E-84 -0.112E-84
0.352E-84 0.608E-84 0.949E-84 1.019E-84 1.325E-84 1.388E-84 0.835E-84 0.754E-84 0.520E-84 0.270E-84 -0.067E-84
0.211E-84 0.430E-84 0.583E-84 0.621E-84 0.718E-84 0.696E-84 0.391E-84 0.425E-84 0.270E-84 0.205E-84 -0.028E-84
-0.162E-84 -0.239E-84 -0.198E-84 -0.090E-84 -0.088E-84 0.002E-84 0.091E-84 -0.112E-84 -0.067E-84 -0.028E-84 0.284E-84
