2.795416e-05 1.009030e-05 9.670570e-06 8.366600e-06 7.104660e-06 4.304210e-06 1.285260e-06 9.358000e-08
1.009030e-05 7.746572e-05 4.833873e-05 3.359865e-05 1.641031e-05 8.061190e-06 2.122380e-06 2.746800e-07
9.670570e-06 4.833873e-05 1.415845e-04 7.792102e-05 3.380277e-05 1.386133e-05 3.190110e-06 5.004000e-07
8.366600e-06 3.359865e-05 7.792102e-05 1.292422e-04 5.833402e-05 1.561469e-05 3.604890e-06 6.059400e-07
7.104660e-06 1.641031e-05 3.380277e-05 5.833402e-05 7.101677e-05 2.242206e-05 3.331230e-06 3.762800e-07
4.304210e-06 8.061190e-06 1.386133e-05 1.561469e-05 2.242206e-05 2.141142e-05 4.001520e-06 2.848300e-07
1.285260e-06 2.122380e-06 3.190110e-06 3.604890e-06 3.331230e-06 4.001520e-06 2.813760e-06 2.478700e-07
9.358000e-08 2.746800e-07 5.004000e-07 6.059400e-07 3.762800e-07 2.848300e-07 2.478700e-07 8.488000e-08
