4.717600e-07 2.252400e-07 1.696800e-07 2.481300e-07 2.678000e-07 2.350100e-07 2.216100e-07 2.525400e-07
2.252400e-07 2.627620e-06 1.132110e-06 6.349000e-07 9.824000e-07 1.009510e-06 1.124520e-06 9.406000e-07
1.696800e-07 1.132110e-06 3.230230e-06 1.643860e-06 1.298180e-06 1.480440e-06 1.613710e-06 1.503820e-06
2.481300e-07 6.349000e-07 1.643860e-06 4.509750e-06 2.408740e-06 1.598690e-06 1.939290e-06 1.841300e-06
2.678000e-07 9.824000e-07 1.298180e-06 2.408740e-06 5.523970e-06 2.371940e-06 2.175070e-06 2.153910e-06
2.350100e-07 1.009510e-06 1.480440e-06 1.598690e-06 2.371940e-06 4.884710e-06 2.571980e-06 2.217430e-06
2.216100e-07 1.124520e-06 1.613710e-06 1.939290e-06 2.175070e-06 2.571980e-06 6.921330e-06 2.604860e-06
2.525400e-07 9.406000e-07 1.503820e-06 1.841300e-06 2.153910e-06 2.217430e-06 2.604860e-06 7.841980e-06
