65.945E-84 156.648E-84 196.080E-84 208.037E-84 121.268E-84 40.055E-84 12.698E-84 3.241E-84
156.648E-84 496.145E-84 613.874E-84 627.753E-84 362.434E-84 128.593E-84 36.249E-84 9.914E-84
196.080E-84 613.874E-84 875.271E-84 890.815E-84 528.535E-84 204.789E-84 52.470E-84 14.028E-84
208.037E-84 627.753E-84 890.815E-84 981.148E-84 610.077E-84 238.019E-84 65.819E-84 16.173E-84
121.268E-84 362.434E-84 528.535E-84 610.077E-84 417.195E-84 168.414E-84 50.493E-84 11.430E-84
40.055E-84 128.593E-84 204.789E-84 238.019E-84 168.414E-84 79.260E-84 23.105E-84 4.764E-84
12.698E-84 36.249E-84 52.470E-84 65.819E-84 50.493E-84 23.105E-84 8.596E-84 1.597E-84
3.241E-84 9.914E-84 14.028E-84 16.173E-84 11.430E-84 4.764E-84 1.597E-84 0.479E-84
