1.990000e-09 3.470000e-09 4.680000e-09 5.070000e-09 5.210000e-09 4.930000e-09 3.010000e-09 1.450000e-09 9.700000e-10 5.400000e-10 1.900000e-10
3.470000e-09 1.096000e-08 1.304000e-08 1.377000e-08 1.395000e-08 1.310000e-08 8.570000e-09 4.320000e-09 2.780000e-09 1.630000e-09 4.300000e-10
4.680000e-09 1.304000e-08 2.239000e-08 2.217000e-08 2.297000e-08 2.208000e-08 1.628000e-08 6.490000e-09 4.280000e-09 2.630000e-09 5.900000e-10
5.070000e-09 1.377000e-08 2.217000e-08 2.726000e-08 2.664000e-08 2.521000e-08 1.909000e-08 7.440000e-09 5.020000e-09 3.010000e-09 7.100000e-10
5.210000e-09 1.395000e-08 2.297000e-08 2.664000e-08 3.259000e-08 2.932000e-08 2.214000e-08 8.520000e-09 5.770000e-09 3.230000e-09 7.700000e-10
4.930000e-09 1.310000e-08 2.208000e-08 2.521000e-08 2.932000e-08 3.348000e-08 2.292000e-08 9.050000e-09 6.100000e-09 3.470000e-09 7.900000e-10
3.010000e-09 8.570000e-09 1.628000e-08 1.909000e-08 2.214000e-08 2.292000e-08 2.326000e-08 6.820000e-09 4.610000e-09 3.010000e-09 5.900000e-10
1.450000e-09 4.320000e-09 6.490000e-09 7.440000e-09 8.520000e-09 9.050000e-09 6.820000e-09 4.710000e-09 2.700000e-09 1.170000e-09 2.500000e-10
9.700000e-10 2.780000e-09 4.280000e-09 5.020000e-09 5.770000e-09 6.100000e-09 4.610000e-09 2.700000e-09 2.120000e-09 9.300000e-10 1.900000e-10
5.400000e-10 1.630000e-09 2.630000e-09 3.010000e-09 3.230000e-09 3.470000e-09 3.010000e-09 1.170000e-09 9.300000e-10 8.800000e-10 1.300000e-10
1.900000e-10 4.300000e-10 5.900000e-10 7.100000e-10 7.700000e-10 7.900000e-10 5.900000e-10 2.500000e-10 1.900000e-10 1.300000e-10 1.000000e-10
