1.956244e-05 5.090568e-05 6.353830e-05 6.043223e-05 4.213330e-05 2.731885e-05 9.549060e-06 3.620600e-07
5.090568e-05 2.014884e-04 2.675969e-04 2.796007e-04 2.070312e-04 1.314867e-04 4.367990e-05 1.611830e-06
6.353830e-05 2.675969e-04 5.789081e-04 6.610756e-04 5.385081e-04 3.451726e-04 1.172566e-04 4.418990e-06
6.043223e-05 2.796007e-04 6.610756e-04 9.490563e-04 7.804305e-04 5.042172e-04 1.817079e-04 6.867450e-06
4.213330e-05 2.070312e-04 5.385081e-04 7.804305e-04 7.737472e-04 4.922060e-04 1.854171e-04 7.215830e-06
2.731885e-05 1.314867e-04 3.451726e-04 5.042172e-04 4.922060e-04 4.003477e-04 1.555721e-04 5.819630e-06
9.549060e-06 4.367990e-05 1.172566e-04 1.817079e-04 1.854171e-04 1.555721e-04 9.469131e-05 3.763220e-06
3.620600e-07 1.611830e-06 4.418990e-06 6.867450e-06 7.215830e-06 5.819630e-06 3.763220e-06 3.574700e-07
