4027.032 1938.525 794.905 722.733 562.797 744.985 423.882 28.509
1938.525 17338.245 10559.319 9032.292 10279.187 8300.506 3581.686 206.367
794.905 10559.319 42923.570 30502.379 24508.698 19520.659 8396.281 485.611
722.733 9032.292 30502.379 68397.522 49024.037 28541.865 11426.594 617.078
562.797 10279.187 24508.698 49024.037 91913.918 48232.643 17262.365 738.918
744.985 8300.506 19520.659 28541.865 48232.643 62468.204 21329.885 369.828
423.882 3581.686 8396.281 11426.594 17262.365 21329.885 23978.450 791.134
28.509 206.367 485.611 617.078 738.918 369.828 791.134 790.343
