1697.438 3083.106 1352.142 982.632 1042.083 -44.294 526.367 59.871
3083.106 13303.600 22528.156 32586.614 29441.668 25380.953 9590.877 498.537
1352.142 22528.156 67655.950 99661.336 101743.975 87615.854 33418.402 1559.410
982.632 32586.614 99661.336 163108.310 160333.855 143991.058 52913.450 2540.412
1042.083 29441.668 101743.975 160333.855 183327.323 157677.680 64102.260 3163.920
-44.294 25380.953 87615.854 143991.058 157677.680 150753.848 59087.249 3359.485
526.367 9590.877 33418.402 52913.450 64102.260 59087.249 26635.988 1593.865
59.871 498.537 1559.410 2540.412 3163.920 3359.485 1593.865 177.810
