4508.029 200.588 -1057.726 -151.445 -11.493 -13.006 -3.431 -0.124
200.588 19354.213 2200.287 -3066.130 -782.930 -151.086 -68.478 -17.264
-1057.726 2200.287 49488.545 5599.511 -4144.878 -1804.099 -554.261 -9.056
-151.445 -3066.130 5599.511 73629.427 11005.561 -5077.959 -1892.165 -35.771
-11.493 -782.930 -4144.878 11005.561 67610.981 16189.200 -3072.318 -34.839
-13.006 -151.086 -1804.099 -5077.959 16189.200 57364.592 12622.564 -456.645
-3.431 -68.478 -554.261 -1892.165 -3072.318 12622.564 22709.915 626.156
-0.124 -17.264 -9.056 -35.771 -34.839 -456.645 626.156 701.992
