4.776440e-06 5.022100e-07 4.285300e-07 1.041260e-06 7.490100e-07 1.057630e-06 1.473560e-06 4.942500e-07
5.022100e-07 5.502733e-05 1.069634e-05 8.677320e-06 7.142620e-06 9.604340e-06 1.097638e-05 1.051323e-05
4.285300e-07 1.069634e-05 5.062110e-05 2.098619e-05 7.952380e-06 1.079187e-05 1.379244e-05 1.136198e-05
1.041260e-06 8.677320e-06 2.098619e-05 6.928532e-05 2.135841e-05 1.413229e-05 2.118726e-05 1.608446e-05
7.490100e-07 7.142620e-06 7.952380e-06 2.135841e-05 4.197731e-05 1.564223e-05 1.318846e-05 1.093769e-05
1.057630e-06 9.604340e-06 1.079187e-05 1.413229e-05 1.564223e-05 6.866573e-05 1.753967e-05 1.051528e-05
1.473560e-06 1.097638e-05 1.379244e-05 2.118726e-05 1.318846e-05 1.753967e-05 1.204272e-04 1.074023e-05
4.942500e-07 1.051323e-05 1.136198e-05 1.608446e-05 1.093769e-05 1.051528e-05 1.074023e-05 8.309032e-05
