2806.437E-84 504.890E-84 73.486E-84 37.165E-84 29.685E-84 10.703E-84 9.867E-84 0.011E-84
504.890E-84 5594.629E-84 2192.711E-84 520.469E-84 52.881E-84 35.865E-84 3.809E-84 1.132E-84
73.486E-84 2192.711E-84 9743.624E-84 3427.026E-84 667.524E-84 136.501E-84 30.407E-84 2.822E-84
37.165E-84 520.469E-84 3427.026E-84 7644.453E-84 2938.764E-84 447.993E-84 53.709E-84 7.692E-84
29.685E-84 52.881E-84 667.524E-84 2938.764E-84 4887.686E-84 1195.760E-84 81.566E-84 1.344E-84
10.703E-84 35.865E-84 136.501E-84 447.993E-84 1195.760E-84 1302.963E-84 209.148E-84 9.855E-84
9.867E-84 3.809E-84 30.407E-84 53.709E-84 81.566E-84 209.148E-84 201.152E-84 20.494E-84
0.011E-84 1.132E-84 2.822E-84 7.692E-84 1.344E-84 9.855E-84 20.494E-84 7.146E-84
