0.125E-84 0.325E-84 0.470E-84 0.510E-84 0.522E-84 0.494E-84 0.301E-84 0.146E-84 0.097E-84 0.054E-84 0.014E-84
0.325E-84 0.913E-84 1.275E-84 1.384E-84 1.399E-84 1.314E-84 0.860E-84 0.434E-84 0.280E-84 0.161E-84 0.038E-84
0.470E-84 1.275E-84 1.989E-84 2.183E-84 2.306E-84 2.214E-84 1.631E-84 0.653E-84 0.431E-84 0.258E-84 0.059E-84
0.510E-84 1.384E-84 2.183E-84 2.450E-84 2.624E-84 2.532E-84 1.914E-84 0.750E-84 0.500E-84 0.299E-84 0.071E-84
0.522E-84 1.399E-84 2.306E-84 2.624E-84 2.936E-84 2.888E-84 2.220E-84 0.856E-84 0.575E-84 0.326E-84 0.078E-84
0.494E-84 1.314E-84 2.214E-84 2.532E-84 2.888E-84 2.972E-84 2.272E-84 0.903E-84 0.616E-84 0.349E-84 0.079E-84
0.301E-84 0.860E-84 1.631E-84 1.914E-84 2.220E-84 2.272E-84 2.193E-84 0.675E-84 0.463E-84 0.301E-84 0.059E-84
0.146E-84 0.434E-84 0.653E-84 0.750E-84 0.856E-84 0.903E-84 0.675E-84 0.407E-84 0.261E-84 0.118E-84 0.025E-84
0.097E-84 0.280E-84 0.431E-84 0.500E-84 0.575E-84 0.616E-84 0.463E-84 0.261E-84 0.176E-84 0.085E-84 0.018E-84
0.054E-84 0.161E-84 0.258E-84 0.299E-84 0.326E-84 0.349E-84 0.301E-84 0.118E-84 0.085E-84 0.064E-84 0.012E-84
0.014E-84 0.038E-84 0.059E-84 0.071E-84 0.078E-84 0.079E-84 0.059E-84 0.025E-84 0.018E-84 0.012E-84 0.003E-84
