6.205467e-05 3.283694e-05 2.944160e-06 8.311870e-06 1.030590e-05 -5.730000e-07 5.229360e-06 5.974700e-07
3.283694e-05 3.265781e-04 2.472844e-04 2.952048e-04 2.865874e-04 2.522987e-04 9.522399e-05 4.812730e-06
2.944160e-06 2.472844e-04 1.171445e-03 1.052608e-03 9.759910e-04 8.581176e-04 3.286414e-04 1.550354e-05
8.311870e-06 2.952048e-04 1.052608e-03 2.367377e-03 1.713394e-03 1.389131e-03 5.102128e-04 2.504641e-05
1.030590e-05 2.865874e-04 9.759910e-04 1.713394e-03 2.509383e-03 1.738669e-03 6.102994e-04 3.129081e-05
-5.730000e-07 2.522987e-04 8.581176e-04 1.389131e-03 1.738669e-03 2.081184e-03 7.170981e-04 2.902840e-05
5.229360e-06 9.522399e-05 3.286414e-04 5.102128e-04 6.102994e-04 7.170981e-04 4.934590e-04 2.220021e-05
5.974700e-07 4.812730e-06 1.550354e-05 2.504641e-05 3.129081e-05 2.902840e-05 2.220021e-05 8.798020e-06
