273.470E-84 54.585E-84 -101.543E-84 -17.484E-84 -0.727E-84 -4.685E-84 -0.455E-84 0.011E-84
54.585E-84 3478.295E-84 496.736E-84 -513.517E-84 -80.607E-84 -13.769E-84 -12.044E-84 0.139E-84
-101.543E-84 496.736E-84 4336.745E-84 942.105E-84 -394.960E-84 -115.405E-84 5.655E-84 0.149E-84
-17.484E-84 -513.517E-84 942.105E-84 6294.647E-84 1188.026E-84 -463.504E-84 -39.117E-84 0.892E-84
-0.727E-84 -80.607E-84 -394.960E-84 1188.026E-84 5373.660E-84 607.700E-84 -342.608E-84 -2.822E-84
-4.685E-84 -13.769E-84 -115.405E-84 -463.504E-84 607.700E-84 7487.508E-84 -398.111E-84 -72.215E-84
-0.455E-84 -12.044E-84 5.655E-84 -39.117E-84 -342.608E-84 -398.111E-84 9799.885E-84 587.996E-84
0.011E-84 0.139E-84 0.149E-84 0.892E-84 -2.822E-84 -72.215E-84 587.996E-84 2485.525E-84
