16.658E-84 4.105E-84 0.935E-84 0.338E-84 0.170E-84 0.049E-84 0.020E-84 0.002E-84
4.105E-84 57.479E-84 12.979E-84 3.077E-84 0.916E-84 0.225E-84 0.043E-84 0.006E-84
0.935E-84 12.979E-84 83.056E-84 19.009E-84 4.249E-84 0.707E-84 0.145E-84 0.016E-84
0.338E-84 3.077E-84 19.009E-84 76.961E-84 17.936E-84 2.974E-84 0.414E-84 0.049E-84
0.170E-84 0.916E-84 4.249E-84 17.936E-84 52.187E-84 8.527E-84 1.138E-84 0.061E-84
0.049E-84 0.225E-84 0.707E-84 2.974E-84 8.527E-84 15.067E-84 1.952E-84 0.104E-84
0.020E-84 0.043E-84 0.145E-84 0.414E-84 1.138E-84 1.952E-84 4.444E-84 0.153E-84
0.002E-84 0.006E-84 0.016E-84 0.049E-84 0.061E-84 0.104E-84 0.153E-84 0.190E-84
