3.628726e-05 9.676140e-06 1.102190e-05 8.389300e-06 6.953360e-06 4.813820e-06 1.375870e-06 9.742000e-08
9.676140e-06 8.415393e-05 5.083984e-05 3.344931e-05 1.658728e-05 8.313610e-06 2.272390e-06 2.911600e-07
1.102190e-05 5.083984e-05 1.497403e-04 7.828982e-05 3.335962e-05 1.332145e-05 3.203350e-06 5.212500e-07
8.389300e-06 3.344931e-05 7.828982e-05 1.225988e-04 5.488636e-05 1.453689e-05 3.481220e-06 5.793000e-07
6.953360e-06 1.658728e-05 3.335962e-05 5.488636e-05 6.859859e-05 2.087713e-05 3.121120e-06 3.627300e-07
4.813820e-06 8.313610e-06 1.332145e-05 1.453689e-05 2.087713e-05 1.969891e-05 3.780710e-06 2.733000e-07
1.375870e-06 2.272390e-06 3.203350e-06 3.481220e-06 3.121120e-06 3.780710e-06 2.652040e-06 2.430200e-07
9.742000e-08 2.911600e-07 5.212500e-07 5.793000e-07 3.627300e-07 2.733000e-07 2.430200e-07 8.491000e-08
