3483.817E-84 7652.058E-84 8866.626E-84 10183.622E-84 11849.515E-84 6912.592E-84 2468.776E-84 265.614E-84
7652.058E-84 30530.330E-84 51863.562E-84 66554.567E-84 71581.100E-84 50684.480E-84 18484.932E-84 1839.939E-84
8866.626E-84 51863.562E-84 172270.470E-84 234351.239E-84 208147.109E-84 144317.649E-84 56989.645E-84 6228.014E-84
10183.622E-84 66554.567E-84 234351.239E-84 393376.163E-84 322202.135E-84 212486.586E-84 91525.906E-84 9190.991E-84
11849.515E-84 71581.100E-84 208147.109E-84 322202.135E-84 322712.829E-84 223779.297E-84 80646.181E-84 9352.017E-84
6912.592E-84 50684.480E-84 144317.649E-84 212486.586E-84 223779.297E-84 368643.495E-84 152778.165E-84 12440.530E-84
2468.776E-84 18484.932E-84 56989.645E-84 91525.906E-84 80646.181E-84 152778.165E-84 107781.804E-84 5769.398E-84
265.614E-84 1839.939E-84 6228.014E-84 9190.991E-84 9352.017E-84 12440.530E-84 5769.398E-84 780.369E-84
