180.102E-84 54.791E-84 10.594E-84 2.700E-84 5.881E-84 0.643E-84 0.111E-84 0.018E-84
54.791E-84 553.360E-84 147.805E-84 33.256E-84 8.554E-84 4.122E-84 0.910E-84 0.062E-84
10.594E-84 147.805E-84 501.413E-84 175.103E-84 38.949E-84 10.598E-84 3.017E-84 0.187E-84
2.700E-84 33.256E-84 175.103E-84 423.991E-84 159.229E-84 24.427E-84 3.065E-84 0.470E-84
5.881E-84 8.554E-84 38.949E-84 159.229E-84 227.923E-84 68.353E-84 7.886E-84 0.515E-84
0.643E-84 4.122E-84 10.598E-84 24.427E-84 68.353E-84 62.634E-84 15.833E-84 1.209E-84
0.111E-84 0.910E-84 3.017E-84 3.065E-84 7.886E-84 15.833E-84 13.109E-84 1.902E-84
0.018E-84 0.062E-84 0.187E-84 0.470E-84 0.515E-84 1.209E-84 1.902E-84 1.169E-84
