3.837700e-07 7.775800e-07 8.704600e-07 8.729400e-07 8.694100e-07 6.815400e-07 5.084000e-07 3.740700e-07
7.775800e-07 2.325030e-06 2.377900e-06 2.537720e-06 2.675570e-06 2.102150e-06 1.544080e-06 1.191580e-06
8.704600e-07 2.377900e-06 3.566850e-06 3.470720e-06 3.732170e-06 3.065510e-06 2.290200e-06 1.790400e-06
8.729400e-07 2.537720e-06 3.470720e-06 4.848590e-06 4.821480e-06 3.851420e-06 2.909120e-06 2.294340e-06
8.694100e-07 2.675570e-06 3.732170e-06 4.821480e-06 6.484500e-06 4.616690e-06 3.426230e-06 2.766910e-06
6.815400e-07 2.102150e-06 3.065510e-06 3.851420e-06 4.616690e-06 4.428600e-06 2.992920e-06 2.442200e-06
5.084000e-07 1.544080e-06 2.290200e-06 2.909120e-06 3.426230e-06 2.992920e-06 2.790450e-06 1.926460e-06
3.740700e-07 1.191580e-06 1.790400e-06 2.294340e-06 2.766910e-06 2.442200e-06 1.926460e-06 1.933660e-06
