45.099E-84 92.411E-84 103.281E-84 114.507E-84 74.645E-84 105.557E-84 149.681E-84 52.143E-84
92.411E-84 1100.609E-84 841.832E-84 1222.754E-84 769.793E-84 961.137E-84 1118.738E-84 1053.933E-84
103.281E-84 841.832E-84 1172.797E-84 1542.172E-84 1062.769E-84 1138.866E-84 1384.286E-84 1145.364E-84
114.507E-84 1222.754E-84 1542.172E-84 2449.024E-84 1531.587E-84 1737.054E-84 2156.829E-84 1604.998E-84
74.645E-84 769.793E-84 1062.769E-84 1531.587E-84 1361.346E-84 1240.504E-84 1502.525E-84 1102.167E-84
105.557E-84 961.137E-84 1138.866E-84 1737.054E-84 1240.504E-84 2226.414E-84 1880.519E-84 1195.813E-84
149.681E-84 1118.738E-84 1384.286E-84 2156.829E-84 1502.525E-84 1880.519E-84 3161.621E-84 1418.018E-84
52.143E-84 1053.933E-84 1145.364E-84 1604.998E-84 1102.167E-84 1195.813E-84 1418.018E-84 1798.854E-84
