2.460470e-06 2.114390e-06 2.066740e-06 2.107370e-06 1.271490e-06 4.069800e-07 1.280900e-07 3.259000e-08
2.114390e-06 1.049505e-05 7.616790e-06 6.610090e-06 3.709880e-06 1.327150e-06 3.715900e-07 9.976000e-08
2.066740e-06 7.616790e-06 1.376684e-05 1.065918e-05 5.674840e-06 2.153870e-06 5.548700e-07 1.421500e-07
2.107370e-06 6.610090e-06 1.065918e-05 1.405139e-05 7.693060e-06 2.624460e-06 6.888400e-07 1.664300e-07
1.271490e-06 3.709880e-06 5.674840e-06 7.693060e-06 6.451180e-06 2.367670e-06 5.837900e-07 1.194500e-07
4.069800e-07 1.327150e-06 2.153870e-06 2.624460e-06 2.367670e-06 1.418940e-06 3.893800e-07 5.973000e-08
1.280900e-07 3.715900e-07 5.548700e-07 6.888400e-07 5.837900e-07 3.893800e-07 2.170500e-07 3.499000e-08
3.259000e-08 9.976000e-08 1.421500e-07 1.664300e-07 1.194500e-07 5.973000e-08 3.499000e-08 1.648000e-08
