29.766E-84 12.455E-84 4.832E-84 -1.353E-84 2.463E-84 -0.442E-84 -0.606E-84 -0.302E-84 -0.460E-84 -0.539E-84 0.102E-84
12.455E-84 32.119E-84 11.299E-84 -0.769E-84 -0.780E-84 -1.218E-84 -0.439E-84 0.010E-84 -0.135E-84 0.286E-84 2.196E-84
4.832E-84 11.299E-84 23.034E-84 5.013E-84 -1.963E-84 -1.259E-84 -0.814E-84 -0.799E-84 -0.565E-84 0.421E-84 0.728E-84
-1.353E-84 -0.769E-84 5.013E-84 20.496E-84 7.417E-84 -0.553E-84 -0.845E-84 -0.311E-84 0.136E-84 -0.222E-84 -0.201E-84
2.463E-84 -0.780E-84 -1.963E-84 7.417E-84 24.897E-84 6.425E-84 -0.456E-84 -0.672E-84 -0.583E-84 -1.089E-84 -0.313E-84
-0.442E-84 -1.218E-84 -1.259E-84 -0.553E-84 6.425E-84 21.543E-84 4.262E-84 -0.433E-84 -0.423E-84 -0.570E-84 -0.167E-84
-0.606E-84 -0.439E-84 -0.814E-84 -0.845E-84 -0.456E-84 4.262E-84 13.098E-84 1.406E-84 -0.111E-84 -0.194E-84 -0.021E-84
-0.302E-84 0.010E-84 -0.799E-84 -0.311E-84 -0.672E-84 -0.433E-84 1.406E-84 8.040E-84 1.280E-84 0.071E-84 0.060E-84
-0.460E-84 -0.135E-84 -0.565E-84 0.136E-84 -0.583E-84 -0.423E-84 -0.111E-84 1.280E-84 6.378E-84 4.357E-84 0.394E-84
-0.539E-84 0.286E-84 0.421E-84 -0.222E-84 -1.089E-84 -0.570E-84 -0.194E-84 0.071E-84 4.357E-84 7.762E-84 0.096E-84
0.102E-84 2.196E-84 0.728E-84 -0.201E-84 -0.313E-84 -0.167E-84 -0.021E-84 0.060E-84 0.394E-84 0.096E-84 0.653E-84
