1.298043e-03 4.461005e-04 7.232315e-05 8.960296e-05 4.560978e-05 3.398170e-05 3.675761e-05 3.047164e-05 2.309718e-05 2.074718e-05 -8.775500e-07 5.787670e-06
4.461005e-04 1.011441e-03 4.304280e-04 1.378974e-04 1.068183e-04 9.602324e-05 9.884593e-05 9.466742e-05 5.887373e-05 4.172199e-05 5.470080e-06 1.129411e-05
7.232315e-05 4.304280e-04 7.731938e-04 3.399114e-04 1.722781e-04 1.503107e-04 1.615005e-04 1.446714e-04 8.887996e-05 5.751762e-05 9.662460e-06 9.975010e-06
8.960296e-05 1.378974e-04 3.399114e-04 6.468416e-04 3.561405e-04 2.027768e-04 1.977618e-04 1.845105e-04 1.120591e-04 6.658397e-05 1.601985e-05 1.191196e-05
4.560978e-05 1.068183e-04 1.722781e-04 3.561405e-04 6.551704e-04 3.657001e-04 2.470179e-04 1.923480e-04 1.244088e-04 7.307364e-05 2.114792e-05 9.583150e-06
3.398170e-05 9.602324e-05 1.503107e-04 2.027768e-04 3.657001e-04 4.774844e-04 3.563710e-04 1.877755e-04 9.926682e-05 5.430054e-05 1.959058e-05 7.087120e-06
3.675761e-05 9.884593e-05 1.615005e-04 1.977618e-04 2.470179e-04 3.563710e-04 4.392092e-04 2.783334e-04 1.133549e-04 5.621880e-05 2.231603e-05 4.971060e-06
3.047164e-05 9.466742e-05 1.446714e-04 1.845105e-04 1.923480e-04 1.877755e-04 2.783334e-04 3.291138e-04 1.591035e-04 5.569672e-05 2.716379e-05 4.865630e-06
2.309718e-05 5.887373e-05 8.887996e-05 1.120591e-04 1.244088e-04 9.926682e-05 1.133549e-04 1.591035e-04 1.669149e-04 7.255765e-05 2.002824e-05 2.233560e-06
2.074718e-05 4.172199e-05 5.751762e-05 6.658397e-05 7.307364e-05 5.430054e-05 5.621880e-05 5.569672e-05 7.255765e-05 1.084017e-04 1.682325e-05 1.484000e-08
-8.775500e-07 5.470080e-06 9.662460e-06 1.601985e-05 2.114792e-05 1.959058e-05 2.231603e-05 2.716379e-05 2.002824e-05 1.682325e-05 2.745570e-05 3.210770e-06
5.787670e-06 1.129411e-05 9.975010e-06 1.191196e-05 9.583150e-06 7.087120e-06 4.971060e-06 4.865630e-06 2.233560e-06 1.484000e-08 3.210770e-06 5.810278e-05
