34.123E-84 1.170E-84 -7.061E-84 -1.132E-84 0.053E-84 -0.004E-84 -0.048E-84 -0.190E-84
1.170E-84 189.638E-84 30.525E-84 -21.629E-84 -6.990E-84 -0.080E-84 -0.095E-84 -0.407E-84
-7.061E-84 30.525E-84 207.225E-84 34.916E-84 -21.579E-84 -4.114E-84 -0.110E-84 -0.681E-84
-1.132E-84 -21.629E-84 34.916E-84 275.591E-84 60.008E-84 -17.741E-84 -2.978E-84 0.399E-84
0.053E-84 -6.990E-84 -21.579E-84 60.008E-84 323.349E-84 15.500E-84 -15.806E-84 -1.288E-84
-0.004E-84 -0.080E-84 -4.114E-84 -17.741E-84 15.500E-84 248.413E-84 -1.075E-84 -14.438E-84
-0.048E-84 -0.095E-84 -0.110E-84 -2.978E-84 -15.806E-84 -1.075E-84 375.065E-84 -9.371E-84
-0.190E-84 -0.407E-84 -0.681E-84 0.399E-84 -1.288E-84 -14.438E-84 -9.371E-84 489.807E-84
