3.290790e-06 1.633230e-06 3.834000e-07 6.436400e-07 3.499200e-07 2.407400e-07 4.038500e-07 -6.730000e-08
1.633230e-06 3.982789e-05 1.049469e-05 8.764000e-07 4.898420e-06 6.179320e-06 3.981530e-06 2.875200e-06
3.834000e-07 1.049469e-05 5.291577e-05 1.745019e-05 2.653970e-06 1.001074e-05 9.497640e-06 4.506010e-06
6.436400e-07 8.764000e-07 1.745019e-05 7.751576e-05 2.508758e-05 1.015333e-05 1.260265e-05 7.523250e-06
3.499200e-07 4.898420e-06 2.653970e-06 2.508758e-05 7.006280e-05 1.936531e-05 9.270550e-06 8.790310e-06
2.407400e-07 6.179320e-06 1.001074e-05 1.015333e-05 1.936531e-05 1.052772e-04 1.544957e-05 1.108099e-05
4.038500e-07 3.981530e-06 9.497640e-06 1.260265e-05 9.270550e-06 1.544957e-05 1.300966e-04 1.631851e-05
-6.730000e-08 2.875200e-06 4.506010e-06 7.523250e-06 8.790310e-06 1.108099e-05 1.631851e-05 3.299614e-05
