2.956037e-05 1.536519e-05 1.365069e-05 1.284671e-05 9.381330e-06 2.418220e-06 8.713400e-07 4.268900e-07
1.536519e-05 1.003059e-04 5.202931e-05 3.817458e-05 2.553979e-05 7.916000e-06 2.641030e-06 1.034300e-06
1.365069e-05 5.202931e-05 1.447941e-04 8.345672e-05 4.608214e-05 1.541405e-05 4.156870e-06 1.490580e-06
1.284671e-05 3.817458e-05 8.345672e-05 1.288383e-04 6.863997e-05 1.942709e-05 5.474600e-06 1.716630e-06
9.381330e-06 2.553979e-05 4.608214e-05 6.863997e-05 7.219738e-05 2.420404e-05 5.687720e-06 1.629820e-06
2.418220e-06 7.916000e-06 1.541405e-05 1.942709e-05 2.420404e-05 1.927263e-05 4.999080e-06 6.029800e-07
8.713400e-07 2.641030e-06 4.156870e-06 5.474600e-06 5.687720e-06 4.999080e-06 2.727360e-06 4.084300e-07
4.268900e-07 1.034300e-06 1.490580e-06 1.716630e-06 1.629820e-06 6.029800e-07 4.084300e-07 3.297500e-07
