6205.467 3283.694 294.416 831.187 1030.590 -57.300 522.936 59.747
3283.694 32657.813 24728.443 29520.484 28658.738 25229.867 9522.399 481.273
294.416 24728.443 117144.495 105260.847 97599.097 85811.755 32864.141 1550.354
831.187 29520.484 105260.847 236737.737 171339.416 138913.099 51021.285 2504.641
1030.590 28658.738 97599.097 171339.416 250938.304 173866.880 61029.942 3129.081
-57.300 25229.867 85811.755 138913.099 173866.880 208118.440 71709.813 2902.840
522.936 9522.399 32864.141 51021.285 61029.942 71709.813 49345.903 2220.021
59.747 481.273 1550.354 2504.641 3129.081 2902.840 2220.021 879.802
