0.214E-84 0.349E-84 0.382E-84 0.450E-84 0.476E-84 0.398E-84 0.283E-84 0.215E-84 0.192E-84 0.089E-84 -0.001E-84
0.349E-84 0.981E-84 0.884E-84 0.904E-84 0.855E-84 0.675E-84 0.447E-84 0.387E-84 0.329E-84 0.152E-84 -0.018E-84
0.382E-84 0.884E-84 0.974E-84 1.055E-84 1.026E-84 0.838E-84 0.531E-84 0.455E-84 0.369E-84 0.175E-84 -0.004E-84
0.450E-84 0.904E-84 1.055E-84 1.344E-84 1.395E-84 1.255E-84 0.828E-84 0.522E-84 0.446E-84 0.207E-84 0.020E-84
0.476E-84 0.855E-84 1.026E-84 1.395E-84 1.592E-84 1.447E-84 0.979E-84 0.552E-84 0.484E-84 0.231E-84 0.010E-84
0.398E-84 0.675E-84 0.838E-84 1.255E-84 1.447E-84 1.456E-84 0.971E-84 0.433E-84 0.386E-84 0.183E-84 0.037E-84
0.283E-84 0.447E-84 0.531E-84 0.828E-84 0.979E-84 0.971E-84 0.725E-84 0.301E-84 0.294E-84 0.128E-84 0.020E-84
0.215E-84 0.387E-84 0.455E-84 0.522E-84 0.552E-84 0.433E-84 0.301E-84 0.297E-84 0.238E-84 0.117E-84 -0.004E-84
0.192E-84 0.329E-84 0.369E-84 0.446E-84 0.484E-84 0.386E-84 0.294E-84 0.238E-84 0.239E-84 0.122E-84 -0.008E-84
0.089E-84 0.152E-84 0.175E-84 0.207E-84 0.231E-84 0.183E-84 0.128E-84 0.117E-84 0.122E-84 0.098E-84 -0.004E-84
-0.001E-84 -0.018E-84 -0.004E-84 0.020E-84 0.010E-84 0.037E-84 0.020E-84 -0.004E-84 -0.008E-84 -0.004E-84 0.015E-84
