451.412E-84 564.022E-84 898.038E-84 799.031E-84 682.157E-84 419.447E-84 119.619E-84 9.347E-84
564.022E-84 2619.122E-84 2753.930E-84 2802.366E-84 1580.375E-84 770.858E-84 208.530E-84 26.336E-84
898.038E-84 2753.930E-84 4893.632E-84 4338.470E-84 2681.647E-84 1244.144E-84 288.103E-84 47.295E-84
799.031E-84 2802.366E-84 4338.470E-84 4998.182E-84 2697.240E-84 1079.987E-84 305.276E-84 52.912E-84
682.157E-84 1580.375E-84 2681.647E-84 2697.240E-84 2109.131E-84 974.516E-84 247.648E-84 36.237E-84
419.447E-84 770.858E-84 1244.144E-84 1079.987E-84 974.516E-84 715.744E-84 182.693E-84 18.250E-84
119.619E-84 208.530E-84 288.103E-84 305.276E-84 247.648E-84 182.693E-84 66.308E-84 4.025E-84
9.347E-84 26.336E-84 47.295E-84 52.912E-84 36.237E-84 18.250E-84 4.025E-84 1.361E-84
