4508.029E-84 200.588E-84 -1057.726E-84 -151.445E-84 -11.493E-84 -13.006E-84 -3.431E-84 -0.124E-84
200.588E-84 19354.213E-84 2200.287E-84 -3066.130E-84 -782.930E-84 -151.086E-84 -68.478E-84 -17.264E-84
-1057.726E-84 2200.287E-84 49488.545E-84 5599.511E-84 -4144.878E-84 -1804.099E-84 -554.261E-84 -9.056E-84
-151.445E-84 -3066.130E-84 5599.511E-84 73629.427E-84 11005.561E-84 -5077.959E-84 -1892.165E-84 -35.771E-84
-11.493E-84 -782.930E-84 -4144.878E-84 11005.561E-84 67610.981E-84 16189.200E-84 -3072.318E-84 -34.839E-84
-13.006E-84 -151.086E-84 -1804.099E-84 -5077.959E-84 16189.200E-84 57364.592E-84 12622.564E-84 -456.645E-84
-3.431E-84 -68.478E-84 -554.261E-84 -1892.165E-84 -3072.318E-84 12622.564E-84 22709.915E-84 626.156E-84
-0.124E-84 -17.264E-84 -9.056E-84 -35.771E-84 -34.839E-84 -456.645E-84 626.156E-84 701.992E-84
