2.459662e-04 7.323545e-05 -1.054335e-05 2.733190e-05 -1.878962e-05 2.427800e-06 5.911790e-06 -9.029200e-07
7.323545e-05 1.885401e-03 6.466185e-04 2.797585e-04 2.736188e-04 3.384202e-04 3.829478e-05 1.570460e-05
-1.054335e-05 6.466185e-04 7.971060e-03 2.951489e-03 9.473161e-04 8.157403e-04 2.332070e-04 9.412514e-05
2.733190e-05 2.797585e-04 2.951489e-03 1.227383e-02 4.256312e-03 2.040419e-03 2.509149e-04 2.603766e-04
-1.878962e-05 2.736188e-04 9.473161e-04 4.256312e-03 5.843628e-03 4.854821e-03 5.034283e-04 1.474703e-04
2.427800e-06 3.384202e-04 8.157403e-04 2.040419e-03 4.854821e-03 1.244206e-02 8.342933e-04 1.320588e-04
5.911790e-06 3.829478e-05 2.332070e-04 2.509149e-04 5.034283e-04 8.342933e-04 3.430224e-03 9.932820e-06
-9.029200e-07 1.570460e-05 9.412514e-05 2.603766e-04 1.474703e-04 1.320588e-04 9.932820e-06 1.033139e-04
