137801.601E-84 29581.907E-84 -13084.445E-84 -4487.854E-84 -351.306E-84 -215.348E-84 -2.885E-84 -7.405E-84 -35.435E-84 -7.505E-84 -0.332E-84 0.429E-84
29581.907E-84 116449.941E-84 35811.441E-84 -7818.177E-84 -4115.050E-84 -518.530E-84 -213.727E-84 -80.378E-84 -16.845E-84 -31.024E-84 -30.061E-84 -9.789E-84
-13084.445E-84 35811.441E-84 105091.742E-84 16546.048E-84 -9383.267E-84 -3935.939E-84 -1127.083E-84 -283.563E-84 -95.588E-84 -32.006E-84 -96.217E-84 -56.591E-84
-4487.854E-84 -7818.177E-84 16546.048E-84 72901.198E-84 16065.321E-84 -4398.396E-84 -4091.900E-84 -1297.178E-84 -553.793E-84 -505.000E-84 45.509E-84 40.002E-84
-351.306E-84 -4115.050E-84 -9383.267E-84 16065.321E-84 91346.779E-84 24554.767E-84 187.068E-84 -3523.817E-84 -1354.187E-84 -687.084E-84 -330.202E-84 -250.335E-84
-215.348E-84 -518.530E-84 -3935.939E-84 -4398.396E-84 24554.767E-84 63156.008E-84 22886.304E-84 -1436.591E-84 -2212.579E-84 -645.433E-84 -61.612E-84 260.211E-84
-2.885E-84 -213.727E-84 -1127.083E-84 -4091.900E-84 187.068E-84 22886.304E-84 40333.847E-84 13802.060E-84 -1188.428E-84 -1911.245E-84 -151.578E-84 107.033E-84
-7.405E-84 -80.378E-84 -283.563E-84 -1297.178E-84 -3523.817E-84 -1436.591E-84 13802.060E-84 28940.832E-84 6654.313E-84 -614.375E-84 -178.851E-84 -102.142E-84
-35.435E-84 -16.845E-84 -95.588E-84 -553.793E-84 -1354.187E-84 -2212.579E-84 -1188.428E-84 6654.313E-84 16190.031E-84 6244.640E-84 105.428E-84 -42.257E-84
-7.505E-84 -31.024E-84 -32.006E-84 -505.000E-84 -687.084E-84 -645.433E-84 -1911.245E-84 -614.375E-84 6244.640E-84 10412.006E-84 1945.571E-84 -12.112E-84
-0.332E-84 -30.061E-84 -96.217E-84 45.509E-84 -330.202E-84 -61.612E-84 -151.578E-84 -178.851E-84 105.428E-84 1945.571E-84 2354.592E-84 478.895E-84
0.429E-84 -9.789E-84 -56.591E-84 40.002E-84 -250.335E-84 260.211E-84 107.033E-84 -102.142E-84 -42.257E-84 -12.112E-84 478.895E-84 735.750E-84
