30.528E-84 50.989E-84 58.155E-84 52.156E-84 59.051E-84 67.665E-84 66.932E-84 55.487E-84
50.989E-84 159.060E-84 212.872E-84 252.762E-84 318.832E-84 308.256E-84 309.224E-84 236.358E-84
58.155E-84 212.872E-84 395.244E-84 445.472E-84 555.057E-84 563.320E-84 551.134E-84 454.471E-84
52.156E-84 252.762E-84 445.472E-84 630.696E-84 755.249E-84 745.566E-84 720.905E-84 569.497E-84
59.051E-84 318.832E-84 555.057E-84 755.249E-84 1004.354E-84 944.544E-84 929.399E-84 724.968E-84
67.665E-84 308.256E-84 563.320E-84 745.566E-84 944.544E-84 1011.501E-84 961.363E-84 765.424E-84
66.932E-84 309.224E-84 551.134E-84 720.905E-84 929.399E-84 961.363E-84 984.233E-84 773.472E-84
55.487E-84 236.358E-84 454.471E-84 569.497E-84 724.968E-84 765.424E-84 773.472E-84 686.724E-84
