2344.004E-84 445.008E-84 69.019E-84 37.629E-84 28.309E-84 10.974E-84 8.907E-84 0.011E-84
445.008E-84 5127.450E-84 2079.943E-84 557.499E-84 60.656E-84 35.261E-84 3.708E-84 1.132E-84
69.019E-84 2079.943E-84 9264.813E-84 3453.632E-84 698.630E-84 141.989E-84 30.908E-84 2.745E-84
37.629E-84 557.499E-84 3453.632E-84 7926.040E-84 3136.162E-84 481.482E-84 55.213E-84 7.682E-84
28.309E-84 60.656E-84 698.630E-84 3136.162E-84 4992.546E-84 1267.690E-84 85.475E-84 1.391E-84
10.974E-84 35.261E-84 141.989E-84 481.482E-84 1267.690E-84 1425.398E-84 217.459E-84 10.233E-84
8.907E-84 3.708E-84 30.908E-84 55.213E-84 85.475E-84 217.459E-84 215.068E-84 20.762E-84
0.011E-84 1.132E-84 2.745E-84 7.682E-84 1.391E-84 10.233E-84 20.762E-84 7.127E-84
