410.793E-84 807.898E-84 1244.792E-84 1207.063E-84 865.339E-84 222.378E-84 85.770E-84 40.987E-84
807.898E-84 2659.590E-84 3370.825E-84 3460.466E-84 2460.014E-84 783.208E-84 264.051E-84 103.430E-84
1244.792E-84 3370.825E-84 6421.428E-84 5800.897E-84 4234.157E-84 1488.178E-84 408.526E-84 149.058E-84
1207.063E-84 3460.466E-84 5800.897E-84 6199.385E-84 4432.492E-84 1594.078E-84 488.891E-84 166.781E-84
865.339E-84 2460.014E-84 4234.157E-84 4432.492E-84 3484.686E-84 1332.120E-84 428.733E-84 129.620E-84
222.378E-84 783.208E-84 1488.178E-84 1594.078E-84 1332.120E-84 770.937E-84 239.169E-84 44.936E-84
85.770E-84 264.051E-84 408.526E-84 488.891E-84 428.733E-84 239.169E-84 94.943E-84 18.573E-84
40.987E-84 103.430E-84 149.058E-84 166.781E-84 129.620E-84 44.936E-84 18.573E-84 7.764E-84
