54.038E-84 1.548E-84 -13.083E-84 -2.225E-84 0.045E-84 0.009E-84 -0.008E-84 -0.560E-84
1.548E-84 294.722E-84 47.593E-84 -35.823E-84 -9.843E-84 -0.361E-84 -0.634E-84 -1.134E-84
-13.083E-84 47.593E-84 486.432E-84 77.132E-84 -48.142E-84 -8.617E-84 -0.080E-84 -1.852E-84
-2.225E-84 -35.823E-84 77.132E-84 560.801E-84 117.294E-84 -35.313E-84 -5.619E-84 0.001E-84
0.045E-84 -9.843E-84 -48.142E-84 117.294E-84 680.720E-84 38.411E-84 -31.330E-84 -1.575E-84
0.009E-84 -0.361E-84 -8.617E-84 -35.313E-84 38.411E-84 516.629E-84 -8.166E-84 -21.606E-84
-0.008E-84 -0.634E-84 -0.080E-84 -5.619E-84 -31.330E-84 -8.166E-84 691.011E-84 -15.851E-84
-0.560E-84 -1.134E-84 -1.852E-84 0.001E-84 -1.575E-84 -21.606E-84 -15.851E-84 687.894E-84
