22384.290E-84 309.360E-84 -7344.185E-84 -1230.080E-84 -94.202E-84 -98.135E-84 -6.266E-84 1.649E-84
309.360E-84 152790.960E-84 14256.803E-84 -30091.672E-84 -6430.353E-84 -2133.393E-84 -3061.313E-84 -32.386E-84
-7344.185E-84 14256.803E-84 617215.664E-84 92003.011E-84 -20825.426E-84 -38780.595E-84 -3925.249E-84 -1075.423E-84
-1230.080E-84 -30091.672E-84 92003.011E-84 805716.499E-84 171697.794E-84 -44210.017E-84 -7286.457E-84 778.975E-84
-94.202E-84 -6430.353E-84 -20825.426E-84 171697.794E-84 317423.898E-84 241253.824E-84 4577.656E-84 -1266.640E-84
-98.135E-84 -2133.393E-84 -38780.595E-84 -44210.017E-84 241253.824E-84 938404.156E-84 35594.495E-84 -1501.990E-84
-6.266E-84 -3061.313E-84 -3925.249E-84 -7286.457E-84 4577.656E-84 35594.495E-84 301365.386E-84 99.880E-84
1.649E-84 -32.386E-84 -1075.423E-84 778.975E-84 -1266.640E-84 -1501.990E-84 99.880E-84 3273.325E-84
