55.609E-84 108.738E-84 139.883E-84 81.848E-84 35.719E-84 28.759E-84 40.840E-84 -6.741E-84
108.738E-84 504.494E-84 552.733E-84 601.157E-84 570.449E-84 631.701E-84 410.197E-84 287.381E-84
139.883E-84 552.733E-84 954.832E-84 802.914E-84 660.357E-84 1116.479E-84 944.109E-84 450.452E-84
81.848E-84 601.157E-84 802.914E-84 1456.929E-84 1320.732E-84 1478.837E-84 1299.382E-84 751.433E-84
35.719E-84 570.449E-84 660.357E-84 1320.732E-84 1632.620E-84 1328.831E-84 1269.663E-84 881.853E-84
28.759E-84 631.701E-84 1116.479E-84 1478.837E-84 1328.831E-84 3040.213E-84 1943.068E-84 1180.314E-84
40.840E-84 410.197E-84 944.109E-84 1299.382E-84 1269.663E-84 1943.068E-84 3209.779E-84 1043.855E-84
-6.741E-84 287.381E-84 450.452E-84 751.433E-84 881.853E-84 1180.314E-84 1043.855E-84 814.089E-84
