82.125E-84 213.956E-84 314.097E-84 329.205E-84 240.409E-84 106.454E-84 32.919E-84 5.696E-84
213.956E-84 590.438E-84 854.841E-84 906.030E-84 662.006E-84 293.496E-84 94.406E-84 15.869E-84
314.097E-84 854.841E-84 1292.343E-84 1361.955E-84 1020.144E-84 458.089E-84 144.301E-84 24.963E-84
329.205E-84 906.030E-84 1361.955E-84 1461.454E-84 1099.429E-84 498.336E-84 156.016E-84 26.910E-84
240.409E-84 662.006E-84 1020.144E-84 1099.429E-84 859.179E-84 394.495E-84 122.519E-84 21.348E-84
106.454E-84 293.496E-84 458.089E-84 498.336E-84 394.495E-84 189.709E-84 57.596E-84 10.355E-84
32.919E-84 94.406E-84 144.301E-84 156.016E-84 122.519E-84 57.596E-84 19.425E-84 3.242E-84
5.696E-84 15.869E-84 24.963E-84 26.910E-84 21.348E-84 10.355E-84 3.242E-84 0.618E-84
