2545.244E-84 728.621E-84 120.277E-84 77.608E-84 72.794E-84 19.444E-84 1.364E-84 1.702E-84
728.621E-84 7370.998E-84 1832.106E-84 356.992E-84 93.965E-84 8.392E-84 0.052E-84 0.000E-84
120.277E-84 1832.106E-84 8057.985E-84 2544.775E-84 374.057E-84 53.227E-84 7.161E-84 0.000E-84
77.608E-84 356.992E-84 2544.775E-84 6684.440E-84 2431.505E-84 348.631E-84 58.569E-84 4.882E-84
72.794E-84 93.965E-84 374.057E-84 2431.505E-84 3735.052E-84 1088.284E-84 140.039E-84 33.362E-84
19.444E-84 8.392E-84 53.227E-84 348.631E-84 1088.284E-84 1156.326E-84 260.739E-84 15.362E-84
1.364E-84 0.052E-84 7.161E-84 58.569E-84 140.039E-84 260.739E-84 177.793E-84 22.270E-84
1.702E-84 0.000E-84 0.000E-84 4.882E-84 33.362E-84 15.362E-84 22.270E-84 25.211E-84
