375.058E-84 -5.551E-84 -47.201E-84 -7.308E-84 -0.821E-84 -0.902E-84 -0.344E-84 -0.030E-84
-5.551E-84 1821.647E-84 31.115E-84 -156.758E-84 -39.058E-84 -9.338E-84 -2.217E-84 -0.043E-84
-47.201E-84 31.115E-84 4348.247E-84 269.040E-84 -313.708E-84 -92.462E-84 -17.984E-84 -0.914E-84
-7.308E-84 -156.758E-84 269.040E-84 5947.956E-84 700.721E-84 -342.839E-84 -78.672E-84 -2.713E-84
-0.821E-84 -39.058E-84 -313.708E-84 700.721E-84 5878.758E-84 1013.662E-84 -145.751E-84 -2.860E-84
-0.902E-84 -9.338E-84 -92.462E-84 -342.839E-84 1013.662E-84 4679.844E-84 465.915E-84 -9.180E-84
-0.344E-84 -2.217E-84 -17.984E-84 -78.672E-84 -145.751E-84 465.915E-84 1335.605E-84 34.903E-84
-0.030E-84 -0.043E-84 -0.914E-84 -2.713E-84 -2.860E-84 -9.180E-84 34.903E-84 19.497E-84
