2.778E-84 0.967E-84 -0.097E-84 -0.023E-84 0.009E-84 -0.055E-84 -0.044E-84 -0.026E-84 0.019E-84 0.025E-84 -0.002E-84
0.967E-84 2.596E-84 0.658E-84 -0.123E-84 -0.184E-84 -0.099E-84 -0.044E-84 -0.046E-84 -0.028E-84 -0.018E-84 -0.009E-84
-0.097E-84 0.658E-84 1.783E-84 0.606E-84 -0.124E-84 -0.171E-84 -0.084E-84 -0.066E-84 -0.008E-84 0.012E-84 -0.018E-84
-0.023E-84 -0.123E-84 0.606E-84 1.968E-84 0.855E-84 -0.186E-84 -0.160E-84 -0.086E-84 0.021E-84 0.026E-84 -0.030E-84
0.009E-84 -0.184E-84 -0.124E-84 0.855E-84 2.216E-84 1.051E-84 -0.123E-84 -0.053E-84 -0.005E-84 -0.029E-84 -0.025E-84
-0.055E-84 -0.099E-84 -0.171E-84 -0.186E-84 1.051E-84 3.212E-84 0.896E-84 -0.133E-84 -0.121E-84 -0.077E-84 0.003E-84
-0.044E-84 -0.044E-84 -0.084E-84 -0.160E-84 -0.123E-84 0.896E-84 2.110E-84 0.287E-84 -0.036E-84 -0.009E-84 0.051E-84
-0.026E-84 -0.046E-84 -0.066E-84 -0.086E-84 -0.053E-84 -0.133E-84 0.287E-84 1.519E-84 0.433E-84 0.039E-84 -0.130E-84
0.019E-84 -0.028E-84 -0.008E-84 0.021E-84 -0.005E-84 -0.121E-84 -0.036E-84 0.433E-84 0.859E-84 0.425E-84 0.122E-84
0.025E-84 -0.018E-84 0.012E-84 0.026E-84 -0.029E-84 -0.077E-84 -0.009E-84 0.039E-84 0.425E-84 0.842E-84 0.660E-84
-0.002E-84 -0.009E-84 -0.018E-84 -0.030E-84 -0.025E-84 0.003E-84 0.051E-84 -0.130E-84 0.122E-84 0.660E-84 1.562E-84
