114340.749E-84 63203.907E-84 97883.668E-84 69702.441E-84 50788.032E-84 44606.610E-84 50119.145E-84 27594.492E-84 15002.767E-84 9359.854E-84 2927.239E-84 1444.850E-84
63203.907E-84 103757.689E-84 84392.474E-84 109039.744E-84 61996.950E-84 53071.693E-84 63755.278E-84 53044.149E-84 28270.909E-84 14167.656E-84 3437.170E-84 2164.095E-84
97883.668E-84 84392.474E-84 183575.702E-84 170724.672E-84 142519.813E-84 153118.040E-84 139533.540E-84 99833.908E-84 67543.256E-84 30334.664E-84 12124.226E-84 4509.597E-84
69702.441E-84 109039.744E-84 170724.672E-84 285646.828E-84 223066.738E-84 226804.698E-84 203762.849E-84 146664.829E-84 78950.233E-84 38488.714E-84 19109.338E-84 6346.318E-84
50788.032E-84 61996.950E-84 142519.813E-84 223066.738E-84 214718.388E-84 225859.884E-84 194853.625E-84 120137.142E-84 64661.826E-84 32947.723E-84 16705.759E-84 4606.379E-84
44606.610E-84 53071.693E-84 153118.040E-84 226804.698E-84 225859.884E-84 288638.745E-84 230674.942E-84 132653.732E-84 72541.441E-84 34292.653E-84 21857.936E-84 5416.617E-84
50119.145E-84 63755.278E-84 139533.540E-84 203762.849E-84 194853.625E-84 230674.942E-84 220250.698E-84 124449.181E-84 63894.843E-84 32171.484E-84 19459.809E-84 5250.944E-84
27594.492E-84 53044.149E-84 99833.908E-84 146664.829E-84 120137.142E-84 132653.732E-84 124449.181E-84 108949.639E-84 72984.339E-84 34427.668E-84 17917.460E-84 5931.924E-84
15002.767E-84 28270.909E-84 67543.256E-84 78950.233E-84 64661.826E-84 72541.441E-84 63894.843E-84 72984.339E-84 83134.974E-84 34268.597E-84 17608.447E-84 5894.400E-84
9359.854E-84 14167.656E-84 30334.664E-84 38488.714E-84 32947.723E-84 34292.653E-84 32171.484E-84 34427.668E-84 34268.597E-84 19372.429E-84 10260.940E-84 3053.558E-84
2927.239E-84 3437.170E-84 12124.226E-84 19109.338E-84 16705.759E-84 21857.936E-84 19459.809E-84 17917.460E-84 17608.447E-84 10260.940E-84 9218.640E-84 1777.178E-84
1444.850E-84 2164.095E-84 4509.597E-84 6346.318E-84 4606.379E-84 5416.617E-84 5250.944E-84 5931.924E-84 5894.400E-84 3053.558E-84 1777.178E-84 855.347E-84
