9.878300e-07 2.180610e-06 3.150320e-06 3.295430e-06 2.405790e-06 1.065030e-06 3.293900e-07 5.698000e-08
2.180610e-06 6.479170e-06 8.678200e-06 9.091070e-06 6.629220e-06 2.937210e-06 9.444900e-07 1.587500e-07
3.150320e-06 8.678200e-06 1.375399e-05 1.380964e-05 1.024393e-05 4.587960e-06 1.444460e-06 2.497900e-07
3.295430e-06 9.091070e-06 1.380964e-05 1.538415e-05 1.117365e-05 5.013100e-06 1.564300e-06 2.695900e-07
2.405790e-06 6.629220e-06 1.024393e-05 1.117365e-05 9.113660e-06 4.030220e-06 1.236570e-06 2.140900e-07
1.065030e-06 2.937210e-06 4.587960e-06 5.013100e-06 4.030220e-06 2.047760e-06 5.954800e-07 1.045900e-07
3.293900e-07 9.444900e-07 1.444460e-06 1.564300e-06 1.236570e-06 5.954800e-07 2.386900e-07 3.395000e-08
5.698000e-08 1.587500e-07 2.497900e-07 2.695900e-07 2.140900e-07 1.045900e-07 3.395000e-08 8.080000e-09
