232.325E-84 457.975E-84 581.593E-84 576.180E-84 381.001E-84 165.652E-84 55.418E-84 13.358E-84
457.975E-84 1425.191E-84 1674.184E-84 1767.028E-84 1267.987E-84 602.910E-84 194.546E-84 43.654E-84
581.593E-84 1674.184E-84 2209.657E-84 2242.767E-84 1589.613E-84 712.797E-84 227.146E-84 51.563E-84
576.180E-84 1767.028E-84 2242.767E-84 2435.665E-84 1763.682E-84 826.869E-84 259.459E-84 57.703E-84
381.001E-84 1267.987E-84 1589.613E-84 1763.682E-84 1385.463E-84 664.782E-84 203.946E-84 46.508E-84
165.652E-84 602.910E-84 712.797E-84 826.869E-84 664.782E-84 352.611E-84 106.696E-84 23.186E-84
55.418E-84 194.546E-84 227.146E-84 259.459E-84 203.946E-84 106.696E-84 34.872E-84 7.187E-84
13.358E-84 43.654E-84 51.563E-84 57.703E-84 46.508E-84 23.186E-84 7.187E-84 1.851E-84
