4.693E-84 -0.300E-84 -0.494E-84 -0.035E-84 -0.001E-84 -0.002E-84 -0.002E-84 -0.002E-84
-0.300E-84 31.566E-84 0.489E-84 -1.641E-84 -0.173E-84 -0.013E-84 -0.015E-84 -0.013E-84
-0.494E-84 0.489E-84 49.367E-84 1.222E-84 -2.542E-84 -0.137E-84 0.002E-84 -0.004E-84
-0.035E-84 -1.641E-84 1.222E-84 60.451E-84 2.522E-84 -1.709E-84 -0.064E-84 0.008E-84
-0.001E-84 -0.173E-84 -2.542E-84 2.522E-84 68.064E-84 -0.152E-84 -1.074E-84 -0.021E-84
-0.002E-84 -0.013E-84 -0.137E-84 -1.709E-84 -0.152E-84 39.575E-84 -0.871E-84 -0.601E-84
-0.002E-84 -0.015E-84 0.002E-84 -0.064E-84 -1.074E-84 -0.871E-84 39.542E-84 -1.187E-84
-0.002E-84 -0.013E-84 -0.004E-84 0.008E-84 -0.021E-84 -0.601E-84 -1.187E-84 28.649E-84
