27438.389E-84 20614.170E-84 15391.629E-84 11891.348E-84 4765.830E-84 3573.036E-84 3746.310E-84 3030.552E-84 2372.444E-84 2054.434E-84 -71.575E-84 595.811E-84
20614.170E-84 23365.053E-84 19586.410E-84 18309.054E-84 13307.121E-84 10080.808E-84 10051.827E-84 9511.742E-84 5927.853E-84 4205.073E-84 556.662E-84 1133.213E-84
15391.629E-84 19586.410E-84 23217.530E-84 24616.084E-84 22049.533E-84 16620.749E-84 16862.697E-84 14612.344E-84 8927.013E-84 5825.351E-84 994.784E-84 995.743E-84
11891.348E-84 18309.054E-84 24616.084E-84 30375.661E-84 27380.065E-84 22412.748E-84 22350.023E-84 19200.507E-84 11450.749E-84 6802.159E-84 1607.278E-84 1210.251E-84
4765.830E-84 13307.121E-84 22049.533E-84 27380.065E-84 35034.638E-84 24271.171E-84 23806.637E-84 20699.693E-84 12851.084E-84 7331.150E-84 2153.086E-84 978.034E-84
3573.036E-84 10080.808E-84 16620.749E-84 22412.748E-84 24271.171E-84 22118.452E-84 21160.786E-84 18779.817E-84 11030.151E-84 6022.207E-84 2193.369E-84 719.037E-84
3746.310E-84 10051.827E-84 16862.697E-84 22350.023E-84 23806.637E-84 21160.786E-84 22174.645E-84 19688.088E-84 11706.085E-84 6521.884E-84 2398.046E-84 567.351E-84
3030.552E-84 9511.742E-84 14612.344E-84 19200.507E-84 20699.693E-84 18779.817E-84 19688.088E-84 19381.297E-84 12112.459E-84 6186.160E-84 2733.678E-84 593.115E-84
2372.444E-84 5927.853E-84 8927.013E-84 11450.749E-84 12851.084E-84 11030.151E-84 11706.085E-84 12112.459E-84 8715.631E-84 4576.629E-84 2066.718E-84 543.318E-84
2054.434E-84 4205.073E-84 5825.351E-84 6802.159E-84 7331.150E-84 6022.207E-84 6521.884E-84 6186.160E-84 4576.629E-84 3313.826E-84 1091.299E-84 224.801E-84
-71.575E-84 556.662E-84 994.784E-84 1607.278E-84 2153.086E-84 2193.369E-84 2398.046E-84 2733.678E-84 2066.718E-84 1091.299E-84 833.186E-84 15.014E-84
595.811E-84 1133.213E-84 995.743E-84 1210.251E-84 978.034E-84 719.037E-84 567.351E-84 593.115E-84 543.318E-84 224.801E-84 15.014E-84 548.266E-84
