4.027032e-05 1.938525e-05 7.949050e-06 7.227330e-06 5.627970e-06 7.449850e-06 4.238820e-06 2.850900e-07
1.938525e-05 1.733824e-04 1.055932e-04 9.032292e-05 1.027919e-04 8.300506e-05 3.581686e-05 2.063670e-06
7.949050e-06 1.055932e-04 4.292357e-04 3.050238e-04 2.450870e-04 1.952066e-04 8.396281e-05 4.856110e-06
7.227330e-06 9.032292e-05 3.050238e-04 6.839752e-04 4.902404e-04 2.854187e-04 1.142659e-04 6.170780e-06
5.627970e-06 1.027919e-04 2.450870e-04 4.902404e-04 9.191392e-04 4.823264e-04 1.726237e-04 7.389180e-06
7.449850e-06 8.300506e-05 1.952066e-04 2.854187e-04 4.823264e-04 6.246820e-04 2.132988e-04 3.698280e-06
4.238820e-06 3.581686e-05 8.396281e-05 1.142659e-04 1.726237e-04 2.132988e-04 2.397845e-04 7.911340e-06
2.850900e-07 2.063670e-06 4.856110e-06 6.170780e-06 7.389180e-06 3.698280e-06 7.911340e-06 7.903430e-06
