737910.311E-84 134711.025E-84 -89360.998E-84 -31088.514E-84 -2618.557E-84 -324.926E-84 -0.770E-84 -1.189E-84
134711.025E-84 793841.706E-84 333689.764E-84 -89325.086E-84 -44223.884E-84 -952.144E-84 -494.547E-84 -5.120E-84
-89360.998E-84 333689.764E-84 936646.336E-84 126010.540E-84 -86362.695E-84 -7058.249E-84 -2918.545E-84 -90.130E-84
-31088.514E-84 -89325.086E-84 126010.540E-84 1051659.826E-84 307358.275E-84 -24755.356E-84 -6781.373E-84 -690.978E-84
-2618.557E-84 -44223.884E-84 -86362.695E-84 307358.275E-84 803030.467E-84 25543.239E-84 -13033.818E-84 172.523E-84
-324.926E-84 -952.144E-84 -7058.249E-84 -24755.356E-84 25543.239E-84 57416.252E-84 1624.192E-84 -345.051E-84
-0.770E-84 -494.547E-84 -2918.545E-84 -6781.373E-84 -13033.818E-84 1624.192E-84 119223.261E-84 93.238E-84
-1.189E-84 -5.120E-84 -90.130E-84 -690.978E-84 172.523E-84 -345.051E-84 93.238E-84 2834.882E-84
