822.289E-84 462.724E-84 1028.704E-84 801.765E-84 665.651E-84 470.679E-84 127.720E-84 9.731E-84
462.724E-84 2820.764E-84 2891.273E-84 2824.462E-84 1605.847E-84 795.496E-84 223.430E-84 27.984E-84
1028.704E-84 2891.273E-84 5230.407E-84 4401.956E-84 2668.438E-84 1195.644E-84 289.928E-84 49.303E-84
801.765E-84 2824.462E-84 4401.956E-84 4615.427E-84 2549.872E-84 1005.696E-84 294.413E-84 50.238E-84
665.651E-84 1605.847E-84 2668.438E-84 2549.872E-84 1972.173E-84 891.953E-84 230.546E-84 34.929E-84
470.679E-84 795.496E-84 1195.644E-84 1005.696E-84 891.953E-84 666.928E-84 168.923E-84 17.475E-84
127.720E-84 223.430E-84 289.928E-84 294.413E-84 230.546E-84 168.923E-84 64.052E-84 3.808E-84
9.731E-84 27.984E-84 49.303E-84 50.238E-84 34.929E-84 17.475E-84 3.808E-84 1.345E-84
