3.297000e-08 1.784000e-08 9.000000e-09 1.051000e-08 1.253000e-08 1.229000e-08 8.520000e-09 6.400000e-09 3.710000e-09 2.360000e-09 -1.640000e-09
1.784000e-08 4.530000e-08 2.812000e-08 2.218000e-08 2.358000e-08 2.154000e-08 1.296000e-08 1.104000e-08 5.800000e-09 4.120000e-09 -2.480000e-09
9.000000e-09 2.812000e-08 4.668000e-08 3.754000e-08 3.371000e-08 3.208000e-08 2.087000e-08 1.564000e-08 9.410000e-09 5.950000e-09 -2.160000e-09
1.051000e-08 2.218000e-08 3.754000e-08 5.776000e-08 5.091000e-08 4.054000e-08 2.689000e-08 1.691000e-08 1.040000e-08 6.470000e-09 -1.200000e-09
1.253000e-08 2.358000e-08 3.371000e-08 5.091000e-08 7.469000e-08 6.507000e-08 3.515000e-08 2.232000e-08 1.320000e-08 6.890000e-09 -1.130000e-09
1.229000e-08 2.154000e-08 3.208000e-08 4.054000e-08 6.507000e-08 9.545000e-08 5.387000e-08 2.343000e-08 1.267000e-08 6.190000e-09 5.000000e-11
8.520000e-09 1.296000e-08 2.087000e-08 2.689000e-08 3.515000e-08 5.387000e-08 5.662000e-08 1.887000e-08 7.990000e-09 3.820000e-09 1.420000e-09
6.400000e-09 1.104000e-08 1.564000e-08 1.691000e-08 2.232000e-08 2.343000e-08 1.887000e-08 2.846000e-08 1.187000e-08 4.640000e-09 -2.420000e-09
3.710000e-09 5.800000e-09 9.410000e-09 1.040000e-08 1.320000e-08 1.267000e-08 7.990000e-09 1.187000e-08 1.379000e-08 6.950000e-09 5.500000e-10
2.360000e-09 4.120000e-09 5.950000e-09 6.470000e-09 6.890000e-09 6.190000e-09 3.820000e-09 4.640000e-09 6.950000e-09 1.047000e-08 6.320000e-09
-1.640000e-09 -2.480000e-09 -2.160000e-09 -1.200000e-09 -1.130000e-09 5.000000e-11 1.420000e-09 -2.420000e-09 5.500000e-10 6.320000e-09 1.846000e-08
