56330.153E-84 41854.391E-84 28615.528E-84 11777.222E-84 8987.773E-84 2808.922E-84 3952.899E-84 1414.203E-84 -441.422E-84 1719.485E-84 404.092E-84 -120.953E-84
41854.391E-84 46697.584E-84 43841.747E-84 39293.903E-84 35734.056E-84 34708.185E-84 28744.777E-84 26472.560E-84 16308.957E-84 7832.234E-84 2691.034E-84 871.441E-84
28615.528E-84 43841.747E-84 60283.640E-84 67369.854E-84 63426.373E-84 62541.414E-84 53859.168E-84 50007.653E-84 31908.075E-84 14771.552E-84 5183.326E-84 1710.945E-84
11777.222E-84 39293.903E-84 67369.854E-84 92910.828E-84 88557.671E-84 89883.663E-84 78305.677E-84 73333.008E-84 45901.172E-84 20886.720E-84 7572.366E-84 2500.306E-84
8987.773E-84 35734.056E-84 63426.373E-84 88557.671E-84 101623.257E-84 98829.623E-84 86403.079E-84 79752.621E-84 51111.939E-84 22341.626E-84 8140.579E-84 2902.191E-84
2808.922E-84 34708.185E-84 62541.414E-84 89883.663E-84 98829.623E-84 107593.652E-84 90251.175E-84 81170.858E-84 53030.603E-84 22342.842E-84 8164.355E-84 3128.716E-84
3952.899E-84 28744.777E-84 53859.168E-84 78305.677E-84 86403.079E-84 90251.175E-84 83869.271E-84 76341.753E-84 49259.257E-84 22398.760E-84 9132.650E-84 3139.109E-84
1414.203E-84 26472.560E-84 50007.653E-84 73333.008E-84 79752.621E-84 81170.858E-84 76341.753E-84 75245.661E-84 48525.106E-84 22687.294E-84 9375.036E-84 3072.433E-84
-441.422E-84 16308.957E-84 31908.075E-84 45901.172E-84 51111.939E-84 53030.603E-84 49259.257E-84 48525.106E-84 33989.888E-84 15320.991E-84 6322.854E-84 2224.255E-84
1719.485E-84 7832.234E-84 14771.552E-84 20886.720E-84 22341.626E-84 22342.842E-84 22398.760E-84 22687.294E-84 15320.991E-84 8239.954E-84 3609.320E-84 1099.543E-84
404.092E-84 2691.034E-84 5183.326E-84 7572.366E-84 8140.579E-84 8164.355E-84 9132.650E-84 9375.036E-84 6322.854E-84 3609.320E-84 1872.378E-84 567.369E-84
-120.953E-84 871.441E-84 1710.945E-84 2500.306E-84 2902.191E-84 3128.716E-84 3139.109E-84 3072.433E-84 2224.255E-84 1099.543E-84 567.369E-84 221.141E-84
