1.239E-84 0.505E-84 0.026E-84 -0.019E-84 -0.031E-84 -0.034E-84 -0.027E-84 -0.016E-84 -0.013E-84 0.027E-84 -0.003E-84
0.505E-84 1.513E-84 0.471E-84 -0.038E-84 -0.117E-84 -0.084E-84 -0.043E-84 -0.035E-84 -0.030E-84 -0.002E-84 -0.004E-84
0.026E-84 0.471E-84 0.873E-84 0.417E-84 -0.011E-84 -0.092E-84 -0.050E-84 -0.030E-84 -0.010E-84 0.011E-84 0.003E-84
-0.019E-84 -0.038E-84 0.417E-84 0.973E-84 0.511E-84 0.052E-84 -0.092E-84 -0.054E-84 0.002E-84 0.000E-84 -0.012E-84
-0.031E-84 -0.117E-84 -0.011E-84 0.511E-84 0.978E-84 0.615E-84 0.085E-84 -0.018E-84 -0.021E-84 -0.012E-84 -0.014E-84
-0.034E-84 -0.084E-84 -0.092E-84 0.052E-84 0.615E-84 1.199E-84 0.446E-84 -0.006E-84 -0.069E-84 -0.025E-84 -0.013E-84
-0.027E-84 -0.043E-84 -0.050E-84 -0.092E-84 0.085E-84 0.446E-84 0.814E-84 0.157E-84 0.007E-84 -0.005E-84 0.026E-84
-0.016E-84 -0.035E-84 -0.030E-84 -0.054E-84 -0.018E-84 -0.006E-84 0.157E-84 0.576E-84 0.237E-84 0.006E-84 0.061E-84
-0.013E-84 -0.030E-84 -0.010E-84 0.002E-84 -0.021E-84 -0.069E-84 0.007E-84 0.237E-84 0.381E-84 0.185E-84 0.011E-84
0.027E-84 -0.002E-84 0.011E-84 0.000E-84 -0.012E-84 -0.025E-84 -0.005E-84 0.006E-84 0.185E-84 0.360E-84 -0.003E-84
-0.003E-84 -0.004E-84 0.003E-84 -0.012E-84 -0.014E-84 -0.013E-84 0.026E-84 0.061E-84 0.011E-84 -0.003E-84 0.101E-84
