3168.718E-84 396.989E-84 -682.793E-84 -135.891E-84 -4.150E-84 -15.259E-84 -2.058E-84 -2.887E-84
396.989E-84 11544.339E-84 1232.806E-84 -1676.433E-84 -454.364E-84 -54.702E-84 -41.615E-84 -5.107E-84
-682.793E-84 1232.806E-84 21839.737E-84 3944.473E-84 -2826.174E-84 -928.275E-84 -216.527E-84 -6.595E-84
-135.891E-84 -1676.433E-84 3944.473E-84 29715.318E-84 7674.514E-84 -1779.356E-84 -1087.723E-84 -45.942E-84
-4.150E-84 -454.364E-84 -2826.174E-84 7674.514E-84 36030.549E-84 7778.024E-84 -1015.831E-84 -92.489E-84
-15.259E-84 -54.702E-84 -928.275E-84 -1779.356E-84 7778.024E-84 28589.494E-84 5302.666E-84 -387.123E-84
-2.058E-84 -41.615E-84 -216.527E-84 -1087.723E-84 -1015.831E-84 5302.666E-84 14519.371E-84 454.036E-84
-2.887E-84 -5.107E-84 -6.595E-84 -45.942E-84 -92.489E-84 -387.123E-84 454.036E-84 643.079E-84
