858.314 1541.536 1477.698 858.624 566.947 760.244 425.940 31.396
1541.536 5793.906 9326.513 10708.725 10733.551 8355.208 3623.301 211.474
1477.698 9326.513 21083.833 26557.906 27334.872 20448.934 8612.808 492.206
858.624 10708.725 26557.906 38682.204 41349.523 30321.221 12514.317 663.020
566.947 10733.551 27334.872 41349.523 55883.369 40454.619 18278.196 831.407
760.244 8355.208 20448.934 30321.221 40454.619 33878.710 16027.219 756.951
425.940 3623.301 8612.808 12514.317 18278.196 16027.219 9459.079 337.098
31.396 211.474 492.206 663.020 831.407 756.951 337.098 147.264
