11.170E-84 2.498E-84 -1.025E-84 0.144E-84 -0.368E-84 -0.392E-84 -0.315E-84 -0.144E-84 -0.110E-84 -0.033E-84 0.073E-84
2.498E-84 9.112E-84 2.790E-84 -0.615E-84 -0.690E-84 0.290E-84 -1.038E-84 -0.391E-84 0.180E-84 -0.065E-84 0.913E-84
-1.025E-84 2.790E-84 12.590E-84 2.532E-84 -0.610E-84 -1.929E-84 -0.328E-84 -0.119E-84 -0.338E-84 -0.210E-84 -0.030E-84
0.144E-84 -0.615E-84 2.532E-84 18.112E-84 4.371E-84 -1.711E-84 1.058E-84 -1.156E-84 -0.422E-84 -0.142E-84 -0.096E-84
-0.368E-84 -0.690E-84 -0.610E-84 4.371E-84 24.296E-84 7.335E-84 0.049E-84 -0.432E-84 0.437E-84 -0.855E-84 -0.024E-84
-0.392E-84 0.290E-84 -1.929E-84 -1.711E-84 7.335E-84 55.983E-84 12.473E-84 -1.267E-84 -2.303E-84 -1.089E-84 0.105E-84
-0.315E-84 -1.038E-84 -0.328E-84 1.058E-84 0.049E-84 12.473E-84 32.466E-84 2.691E-84 0.102E-84 0.512E-84 -0.095E-84
-0.144E-84 -0.391E-84 -0.119E-84 -1.156E-84 -0.432E-84 -1.267E-84 2.691E-84 25.957E-84 4.903E-84 0.174E-84 -0.033E-84
-0.110E-84 0.180E-84 -0.338E-84 -0.422E-84 0.437E-84 -2.303E-84 0.102E-84 4.903E-84 11.147E-84 4.975E-84 0.011E-84
-0.033E-84 -0.065E-84 -0.210E-84 -0.142E-84 -0.855E-84 -1.089E-84 0.512E-84 0.174E-84 4.975E-84 5.814E-84 -0.011E-84
0.073E-84 0.913E-84 -0.030E-84 -0.096E-84 -0.024E-84 0.105E-84 -0.095E-84 -0.033E-84 0.011E-84 -0.011E-84 0.226E-84
