8.065961e-03 2.338036e-03 -2.207337e-04 2.882918e-04 2.822554e-04 -1.590526e-05 8.782877e-05 -5.766020e-06
2.338036e-03 1.006569e-02 4.636363e-03 6.191391e-04 4.255141e-04 1.350492e-04 9.124290e-06 -2.740720e-06
-2.207337e-04 4.636363e-03 1.081901e-02 2.573751e-03 4.127311e-04 3.630273e-04 1.256341e-04 5.731429e-05
2.882918e-04 6.191391e-04 2.573751e-03 1.391643e-02 5.484820e-03 3.325358e-04 7.904590e-06 1.378935e-04
2.822554e-04 4.255141e-04 4.127311e-04 5.484820e-03 1.118149e-02 1.098513e-03 2.129030e-05 1.901694e-04
-1.590526e-05 1.350492e-04 3.630273e-04 3.325358e-04 1.098513e-03 1.049127e-03 1.657462e-04 7.081050e-05
8.782877e-05 9.124290e-06 1.256341e-04 7.904590e-06 2.129030e-05 1.657462e-04 1.431694e-03 3.330423e-05
-5.766020e-06 -2.740720e-06 5.731429e-05 1.378935e-04 1.901694e-04 7.081050e-05 3.330423e-05 1.148645e-04
