1581.186 5096.119 6401.031 6050.531 4214.151 2732.787 955.250 36.236
5096.119 18327.195 26728.571 28116.824 20742.179 13158.005 4370.207 161.226
6401.031 26728.571 53542.567 65838.516 54164.519 34609.724 11743.643 442.813
6050.531 28116.824 65838.516 88957.669 77342.326 50764.557 18249.458 689.458
4214.151 20742.179 54164.519 77342.326 71495.961 48206.936 18687.460 724.443
2732.787 13158.005 34609.724 50764.557 48206.936 35354.928 15091.296 591.143
955.250 4370.207 11743.643 18249.458 18687.460 15091.296 8133.526 341.419
36.236 161.226 442.813 689.458 724.443 591.143 341.419 16.250
