1612047.844E-84 133164.747E-84 -109292.560E-84 -38037.712E-84 -210.854E-84 -289.388E-84 -431.586E-84 -381.587E-84 1410.826E-84 -116.093E-84 -134.401E-84 -15.298E-84
133164.747E-84 1163631.354E-84 296929.122E-84 -89658.591E-84 -29868.450E-84 -4855.439E-84 -2137.794E-84 -1577.626E-84 -2178.074E-84 -485.529E-84 -223.131E-84 12.313E-84
-109292.560E-84 296929.122E-84 753462.588E-84 147506.891E-84 -58070.191E-84 -21930.282E-84 -6742.827E-84 -1558.373E-84 317.631E-84 -580.345E-84 -609.480E-84 -76.275E-84
-38037.712E-84 -89658.591E-84 147506.891E-84 790275.558E-84 111043.502E-84 -56840.469E-84 -38915.673E-84 -5121.184E-84 -3538.403E-84 -2738.221E-84 -473.804E-84 -314.496E-84
-210.854E-84 -29868.450E-84 -58070.191E-84 111043.502E-84 516648.021E-84 193831.617E-84 -9914.202E-84 -26131.027E-84 -9527.948E-84 -4605.887E-84 -2429.364E-84 -225.566E-84
-289.388E-84 -4855.439E-84 -21930.282E-84 -56840.469E-84 193831.617E-84 453257.205E-84 226912.682E-84 727.533E-84 -25604.708E-84 -10358.162E-84 2497.816E-84 -92.988E-84
-431.586E-84 -2137.794E-84 -6742.827E-84 -38915.673E-84 -9914.202E-84 226912.682E-84 325672.916E-84 114465.431E-84 -2753.532E-84 -9681.002E-84 -1603.063E-84 -511.652E-84
-381.587E-84 -1577.626E-84 -1558.373E-84 -5121.184E-84 -26131.027E-84 727.533E-84 114465.431E-84 188992.547E-84 64966.679E-84 -2230.532E-84 -223.786E-84 -666.490E-84
1410.826E-84 -2178.074E-84 317.631E-84 -3538.403E-84 -9527.948E-84 -25604.708E-84 -2753.532E-84 64966.679E-84 163968.352E-84 51804.379E-84 591.175E-84 -1196.626E-84
-116.093E-84 -485.529E-84 -580.345E-84 -2738.221E-84 -4605.887E-84 -10358.162E-84 -9681.002E-84 -2230.532E-84 51804.379E-84 75645.608E-84 8609.031E-84 -672.953E-84
-134.401E-84 -223.131E-84 -609.480E-84 -473.804E-84 -2429.364E-84 2497.816E-84 -1603.063E-84 -223.786E-84 591.175E-84 8609.031E-84 17036.574E-84 2099.067E-84
-15.298E-84 12.313E-84 -76.275E-84 -314.496E-84 -225.566E-84 -92.988E-84 -511.652E-84 -666.490E-84 -1196.626E-84 -672.953E-84 2099.067E-84 4943.006E-84
