68685.777E-84 99092.605E-84 67287.625E-84 59917.695E-84 30844.096E-84 -1265.600E-84 8783.647E-84 -575.413E-84
99092.605E-84 212727.324E-84 129946.537E-84 151239.000E-84 86775.289E-84 14457.069E-84 1406.976E-84 -268.952E-84
67287.625E-84 129946.537E-84 145254.442E-84 131364.523E-84 127635.806E-84 43360.984E-84 15481.951E-84 5821.559E-84
59917.695E-84 151239.000E-84 131364.523E-84 339983.217E-84 241123.764E-84 58008.934E-84 7571.832E-84 14480.329E-84
30844.096E-84 86775.289E-84 127635.806E-84 241123.764E-84 315118.422E-84 84308.069E-84 15162.848E-84 18844.419E-84
-1265.600E-84 14457.069E-84 43360.984E-84 58008.934E-84 84308.069E-84 47496.488E-84 14950.425E-84 7426.101E-84
8783.647E-84 1406.976E-84 15481.951E-84 7571.832E-84 15162.848E-84 14950.425E-84 23946.121E-84 3237.185E-84
-575.413E-84 -268.952E-84 5821.559E-84 14480.329E-84 18844.419E-84 7426.101E-84 3237.185E-84 8651.566E-84
