162.019E-84 55.143E-84 10.979E-84 2.356E-84 5.699E-84 0.630E-84 0.112E-84 0.017E-84
55.143E-84 546.846E-84 159.863E-84 29.564E-84 7.808E-84 2.796E-84 0.687E-84 0.060E-84
10.979E-84 159.863E-84 494.840E-84 173.574E-84 38.342E-84 11.228E-84 3.055E-84 0.185E-84
2.356E-84 29.564E-84 173.574E-84 426.939E-84 169.281E-84 25.683E-84 3.167E-84 0.484E-84
5.699E-84 7.808E-84 38.342E-84 169.281E-84 236.627E-84 68.538E-84 7.526E-84 0.549E-84
0.630E-84 2.796E-84 11.228E-84 25.683E-84 68.538E-84 65.416E-84 15.972E-84 1.145E-84
0.112E-84 0.687E-84 3.055E-84 3.167E-84 7.526E-84 15.972E-84 13.637E-84 1.904E-84
0.017E-84 0.060E-84 0.185E-84 0.484E-84 0.549E-84 1.145E-84 1.904E-84 1.183E-84
