1581.186E-84 5096.119E-84 6401.031E-84 6050.531E-84 4214.151E-84 2732.787E-84 955.250E-84 36.236E-84
5096.119E-84 18327.195E-84 26728.571E-84 28116.824E-84 20742.179E-84 13158.005E-84 4370.207E-84 161.226E-84
6401.031E-84 26728.571E-84 53542.567E-84 65838.516E-84 54164.519E-84 34609.724E-84 11743.643E-84 442.813E-84
6050.531E-84 28116.824E-84 65838.516E-84 88957.669E-84 77342.326E-84 50764.557E-84 18249.458E-84 689.458E-84
4214.151E-84 20742.179E-84 54164.519E-84 77342.326E-84 71495.961E-84 48206.936E-84 18687.460E-84 724.443E-84
2732.787E-84 13158.005E-84 34609.724E-84 50764.557E-84 48206.936E-84 35354.928E-84 15091.296E-84 591.143E-84
955.250E-84 4370.207E-84 11743.643E-84 18249.458E-84 18687.460E-84 15091.296E-84 8133.526E-84 341.419E-84
36.236E-84 161.226E-84 442.813E-84 689.458E-84 724.443E-84 591.143E-84 341.419E-84 16.250E-84
