1.726389e-02 1.963687e-03 -1.140889e-04 3.166473e-04 5.057718e-04 4.431722e-04 4.968756e-04 2.721290e-04 1.641359e-04 9.243761e-05 2.792838e-05 1.429552e-05
1.963687e-03 1.267389e-02 3.813216e-03 1.938115e-04 3.212850e-04 4.821625e-04 6.161748e-04 5.146652e-04 2.609284e-04 1.368213e-04 3.214039e-05 2.176408e-05
-1.140889e-04 3.813216e-03 9.370383e-03 3.182316e-03 8.444962e-04 1.311878e-03 1.327907e-03 9.827553e-04 6.786089e-04 2.975432e-04 1.151475e-04 4.433322e-05
3.166473e-04 1.938115e-04 3.182316e-03 1.075922e-02 3.341102e-03 1.699642e-03 1.648472e-03 1.415436e-03 7.541183e-04 3.575049e-04 1.863553e-04 6.031822e-05
5.057718e-04 3.212850e-04 8.444962e-04 3.341102e-03 7.313664e-03 4.196915e-03 1.849394e-03 9.400612e-04 5.513388e-04 2.834184e-04 1.427639e-04 4.380813e-05
4.431722e-04 4.821625e-04 1.311878e-03 1.699642e-03 4.196915e-03 7.418959e-03 4.575876e-03 1.333813e-03 4.693673e-04 2.393449e-04 2.435575e-04 5.323629e-05
4.968756e-04 6.161748e-04 1.327907e-03 1.648472e-03 1.849394e-03 4.575876e-03 5.459236e-03 2.389146e-03 6.114131e-04 2.249048e-04 1.785675e-04 4.739292e-05
2.721290e-04 5.146652e-04 9.827553e-04 1.415436e-03 9.400612e-04 1.333813e-03 2.389146e-03 2.979422e-03 1.379510e-03 3.219714e-04 1.769367e-04 5.265434e-05
1.641359e-04 2.609284e-04 6.786089e-04 7.541183e-04 5.513388e-04 4.693673e-04 6.114131e-04 1.379510e-03 2.471033e-03 8.607298e-04 1.819962e-04 4.697774e-05
9.243761e-05 1.368213e-04 2.975432e-04 3.575049e-04 2.834184e-04 2.393449e-04 2.249048e-04 3.219714e-04 8.607298e-04 9.501804e-04 1.886997e-04 2.380605e-05
2.792838e-05 3.214039e-05 1.151475e-04 1.863553e-04 1.427639e-04 2.435575e-04 1.785675e-04 1.769367e-04 1.819962e-04 1.886997e-04 2.625521e-04 3.876245e-05
1.429552e-05 2.176408e-05 4.433322e-05 6.031822e-05 4.380813e-05 5.323629e-05 4.739292e-05 5.265434e-05 4.697774e-05 2.380605e-05 3.876245e-05 5.798353e-05
