3168.718 396.989 -682.793 -135.891 -4.150 -15.259 -2.058 -2.887
396.989 11544.339 1232.806 -1676.433 -454.364 -54.702 -41.615 -5.107
-682.793 1232.806 21839.737 3944.473 -2826.174 -928.275 -216.527 -6.595
-135.891 -1676.433 3944.473 29715.318 7674.514 -1779.356 -1087.723 -45.942
-4.150 -454.364 -2826.174 7674.514 36030.549 7778.024 -1015.831 -92.489
-15.259 -54.702 -928.275 -1779.356 7778.024 28589.494 5302.666 -387.123
-2.058 -41.615 -216.527 -1087.723 -1015.831 5302.666 14519.371 454.036
-2.887 -5.107 -6.595 -45.942 -92.489 -387.123 454.036 643.079
