1.453000e-08 8.540000e-09 4.080000e-09 4.310000e-09 4.450000e-09 3.640000e-09 2.560000e-09 1.990000e-09 1.790000e-09 1.160000e-09 -4.000000e-11
8.540000e-09 2.494000e-08 1.355000e-08 8.660000e-09 7.380000e-09 5.910000e-09 4.040000e-09 3.520000e-09 2.990000e-09 1.500000e-09 -2.200000e-10
4.080000e-09 1.355000e-08 1.847000e-08 1.472000e-08 1.015000e-08 7.460000e-09 4.810000e-09 4.250000e-09 3.590000e-09 1.860000e-09 -1.000000e-11
4.310000e-09 8.660000e-09 1.472000e-08 2.317000e-08 1.906000e-08 1.307000e-08 7.360000e-09 4.680000e-09 4.480000e-09 2.070000e-09 8.000000e-11
4.450000e-09 7.380000e-09 1.015000e-08 1.906000e-08 2.570000e-08 2.062000e-08 1.064000e-08 5.340000e-09 4.630000e-09 2.190000e-09 -4.000000e-11
3.640000e-09 5.910000e-09 7.460000e-09 1.307000e-08 2.062000e-08 2.655000e-08 1.417000e-08 4.270000e-09 3.170000e-09 1.580000e-09 2.400000e-10
2.560000e-09 4.040000e-09 4.810000e-09 7.360000e-09 1.064000e-08 1.417000e-08 1.539000e-08 4.580000e-09 3.010000e-09 1.230000e-09 4.600000e-10
1.990000e-09 3.520000e-09 4.250000e-09 4.680000e-09 5.340000e-09 4.270000e-09 4.580000e-09 8.730000e-09 4.750000e-09 1.230000e-09 5.700000e-10
1.790000e-09 2.990000e-09 3.590000e-09 4.480000e-09 4.630000e-09 3.170000e-09 3.010000e-09 4.750000e-09 6.200000e-09 3.070000e-09 3.000000e-11
1.160000e-09 1.500000e-09 1.860000e-09 2.070000e-09 2.190000e-09 1.580000e-09 1.230000e-09 1.230000e-09 3.070000e-09 4.580000e-09 -7.000000e-11
-4.000000e-11 -2.200000e-10 -1.000000e-11 8.000000e-11 -4.000000e-11 2.400000e-10 4.600000e-10 5.700000e-10 3.000000e-11 -7.000000e-11 1.160000e-09
