2.872105e-05 1.572538e-05 1.317281e-05 1.245338e-05 9.025060e-06 2.404370e-06 8.868800e-07 4.067800e-07
1.572538e-05 9.352233e-05 5.141119e-05 3.839349e-05 2.535793e-05 8.364340e-06 2.791140e-06 1.046210e-06
1.317281e-05 5.141119e-05 1.427993e-04 8.389733e-05 4.541867e-05 1.584149e-05 4.269290e-06 1.503950e-06
1.245338e-05 3.839349e-05 8.389733e-05 1.324939e-04 6.869464e-05 2.018894e-05 5.589500e-06 1.733430e-06
9.025060e-06 2.535793e-05 4.541867e-05 6.869464e-05 7.112368e-05 2.549239e-05 5.927620e-06 1.626070e-06
2.404370e-06 8.364340e-06 1.584149e-05 2.018894e-05 2.549239e-05 2.015007e-05 5.192900e-06 6.258800e-07
8.868800e-07 2.791140e-06 4.269290e-06 5.589500e-06 5.927620e-06 5.192900e-06 2.782350e-06 4.154100e-07
4.067800e-07 1.046210e-06 1.503950e-06 1.733430e-06 1.626070e-06 6.258800e-07 4.154100e-07 3.337900e-07
