1.941318e-03 7.143630e-04 1.553108e-04 7.289368e-05 8.636467e-05 2.593574e-05 3.950014e-05 1.406798e-05 -4.768570e-06 1.711980e-05 4.037600e-06 -1.205240e-06
7.143630e-04 1.631475e-03 7.965319e-04 3.147573e-04 3.161901e-04 3.418965e-04 2.853105e-04 2.639218e-04 1.629211e-04 7.801210e-05 2.660973e-05 8.616520e-06
1.553108e-04 7.965319e-04 1.653754e-03 8.391590e-04 5.404311e-04 5.860547e-04 5.273209e-04 4.972409e-04 3.181249e-04 1.473955e-04 5.087109e-05 1.654354e-05
7.289368e-05 3.147573e-04 8.391590e-04 1.658120e-03 1.046230e-03 8.548527e-04 7.421378e-04 7.203583e-04 4.534738e-04 2.038172e-04 7.617875e-05 2.540308e-05
8.636467e-05 3.161901e-04 5.404311e-04 1.046230e-03 1.929700e-03 1.233844e-03 8.659015e-04 7.622880e-04 4.975775e-04 2.165454e-04 7.810377e-05 2.651856e-05
2.593574e-05 3.418965e-04 5.860547e-04 8.548527e-04 1.233844e-03 1.707497e-03 1.131375e-03 7.973427e-04 5.081802e-04 2.169741e-04 8.102743e-05 3.388927e-05
3.950014e-05 2.853105e-04 5.273209e-04 7.421378e-04 8.659015e-04 1.131375e-03 1.242031e-03 9.014381e-04 4.807083e-04 2.048752e-04 8.981072e-05 3.246142e-05
1.406798e-05 2.639218e-04 4.972409e-04 7.203583e-04 7.622880e-04 7.973427e-04 9.014381e-04 1.041865e-03 5.517942e-04 2.207292e-04 9.196185e-05 2.970291e-05
-4.768570e-06 1.629211e-04 3.181249e-04 4.534738e-04 4.975775e-04 5.081802e-04 4.807083e-04 5.517942e-04 5.017992e-04 2.156563e-04 6.428282e-05 2.181998e-05
1.711980e-05 7.801210e-05 1.473955e-04 2.038172e-04 2.165454e-04 2.169741e-04 2.048752e-04 2.207292e-04 2.156563e-04 1.865196e-04 5.554891e-05 1.087431e-05
4.037600e-06 2.660973e-05 5.087109e-05 7.617875e-05 7.810377e-05 8.102743e-05 8.981072e-05 9.196185e-05 6.428282e-05 5.554891e-05 4.226970e-05 1.046264e-05
-1.205240e-06 8.616520e-06 1.654354e-05 2.540308e-05 2.651856e-05 3.388927e-05 3.246142e-05 2.970291e-05 2.181998e-05 1.087431e-05 1.046264e-05 9.568910e-06
