6.816681e-04 5.985846e-04 5.957246e-04 4.504523e-04 3.460630e-04 2.658089e-04 2.002245e-04 1.298572e-04 6.458532e-05 3.980556e-05 8.290070e-06 2.056420e-06
5.985846e-04 8.220870e-04 7.313946e-04 5.951664e-04 5.032131e-04 3.978188e-04 3.179956e-04 2.073040e-04 1.013579e-04 5.162821e-05 1.487236e-05 2.617620e-06
5.957246e-04 7.313946e-04 9.091266e-04 7.059954e-04 5.963919e-04 4.736371e-04 3.811338e-04 2.504521e-04 1.206041e-04 6.140508e-05 1.773114e-05 3.087040e-06
4.504523e-04 5.951664e-04 7.059954e-04 8.130344e-04 7.250541e-04 5.882149e-04 4.913397e-04 3.323276e-04 1.647029e-04 7.192781e-05 2.725794e-05 3.987680e-06
3.460630e-04 5.032131e-04 5.963919e-04 7.250541e-04 8.189594e-04 6.494203e-04 5.409223e-04 3.714423e-04 1.907859e-04 7.993978e-05 3.471529e-05 4.669630e-06
2.658089e-04 3.978188e-04 4.736371e-04 5.882149e-04 6.494203e-04 6.121971e-04 4.868826e-04 3.308846e-04 1.707746e-04 7.218514e-05 3.253677e-05 4.563990e-06
2.002245e-04 3.179956e-04 3.811338e-04 4.913397e-04 5.409223e-04 4.868826e-04 4.598085e-04 2.975695e-04 1.512947e-04 6.431790e-05 2.942357e-05 4.188700e-06
1.298572e-04 2.073040e-04 2.504521e-04 3.323276e-04 3.714423e-04 3.308846e-04 2.975695e-04 2.345729e-04 1.188694e-04 5.189191e-05 2.288889e-05 3.370050e-06
6.458532e-05 1.013579e-04 1.206041e-04 1.647029e-04 1.907859e-04 1.707746e-04 1.512947e-04 1.188694e-04 8.053524e-05 3.809963e-05 1.534720e-05 2.236800e-06
3.980556e-05 5.162821e-05 6.140508e-05 7.192781e-05 7.993978e-05 7.218514e-05 6.431790e-05 5.189191e-05 3.809963e-05 2.947655e-05 1.004479e-05 1.571950e-06
8.290070e-06 1.487236e-05 1.773114e-05 2.725794e-05 3.471529e-05 3.253677e-05 2.942357e-05 2.288889e-05 1.534720e-05 1.004479e-05 5.932220e-06 7.328600e-07
2.056420e-06 2.617620e-06 3.087040e-06 3.987680e-06 4.669630e-06 4.563990e-06 4.188700e-06 3.370050e-06 2.236800e-06 1.571950e-06 7.328600e-07 4.951900e-07
