5.082966e-04 8.141573e-05 -7.606480e-06 8.992057e-05 1.179868e-04 7.608456e-05 2.336223e-05 2.626350e-06
8.141573e-05 1.831278e-03 6.774172e-04 4.211963e-04 6.716598e-04 4.805388e-04 1.814663e-04 1.813721e-05
-7.606480e-06 6.774172e-04 6.150760e-03 2.913118e-03 1.605627e-03 1.258855e-03 5.388335e-04 5.715558e-05
8.992057e-05 4.211963e-04 2.913118e-03 9.387219e-03 4.043536e-03 1.742947e-03 6.911027e-04 9.757204e-05
1.179868e-04 6.716598e-04 1.605627e-03 4.043536e-03 8.370949e-03 3.840117e-03 7.639811e-04 7.190858e-05
7.608456e-05 4.805388e-04 1.258855e-03 1.742947e-03 3.840117e-03 9.342971e-03 2.690455e-03 1.200662e-04
2.336223e-05 1.814663e-04 5.388335e-04 6.911027e-04 7.639811e-04 2.690455e-03 2.890667e-03 5.509205e-05
2.626350e-06 1.813721e-05 5.715558e-05 9.757204e-05 7.190858e-05 1.200662e-04 5.509205e-05 4.149598e-05
