432.545E-84 -42.190E-84 -60.428E-84 -10.381E-84 0.256E-84 0.206E-84 -2.325E-84 -2.718E-84
-42.190E-84 4402.124E-84 227.802E-84 -355.022E-84 -55.531E-84 -0.703E-84 -21.100E-84 -2.610E-84
-60.428E-84 227.802E-84 3889.313E-84 556.447E-84 -267.531E-84 -59.679E-84 -5.042E-84 -9.166E-84
-10.381E-84 -355.022E-84 556.447E-84 4479.508E-84 604.254E-84 -323.825E-84 -38.103E-84 3.448E-84
0.256E-84 -55.531E-84 -267.531E-84 604.254E-84 2836.385E-84 323.719E-84 -183.679E-84 -8.398E-84
0.206E-84 -0.703E-84 -59.679E-84 -323.825E-84 323.719E-84 4640.159E-84 -126.552E-84 -144.285E-84
-2.325E-84 -21.100E-84 -5.042E-84 -38.103E-84 -183.679E-84 -126.552E-84 8881.099E-84 -343.995E-84
-2.718E-84 -2.610E-84 -9.166E-84 3.448E-84 -8.398E-84 -144.285E-84 -343.995E-84 6510.178E-84
