1.085070e-06 2.338360e-06 3.393300e-06 3.480950e-06 2.518120e-06 1.128600e-06 3.456800e-07 6.069000e-08
2.338360e-06 6.724620e-06 8.905490e-06 9.123900e-06 6.579910e-06 2.917300e-06 9.305000e-07 1.581000e-07
3.393300e-06 8.905490e-06 1.407452e-05 1.382004e-05 1.016294e-05 4.581950e-06 1.424320e-06 2.504500e-07
3.480950e-06 9.123900e-06 1.382004e-05 1.503862e-05 1.079578e-05 4.860980e-06 1.500650e-06 2.618700e-07
2.518120e-06 6.579910e-06 1.016294e-05 1.079578e-05 8.761360e-06 3.889240e-06 1.182800e-06 2.071500e-07
1.128600e-06 2.917300e-06 4.581950e-06 4.860980e-06 3.889240e-06 1.977400e-06 5.720800e-07 1.011400e-07
3.456800e-07 9.305000e-07 1.424320e-06 1.500650e-06 1.182800e-06 5.720800e-07 2.268700e-07 3.257000e-08
6.069000e-08 1.581000e-07 2.504500e-07 2.618700e-07 2.071500e-07 1.011400e-07 3.257000e-08 7.860000e-09
