56.444E-84 138.926E-84 180.808E-84 195.336E-84 116.599E-84 37.107E-84 11.447E-84 3.040E-84
138.926E-84 456.300E-84 585.215E-84 618.568E-84 366.751E-84 130.067E-84 36.735E-84 9.805E-84
180.808E-84 585.215E-84 859.583E-84 899.855E-84 540.719E-84 203.785E-84 51.933E-84 14.063E-84
195.336E-84 618.568E-84 899.855E-84 1013.175E-84 637.749E-84 241.083E-84 66.174E-84 16.345E-84
116.599E-84 366.751E-84 540.719E-84 637.749E-84 452.536E-84 178.971E-84 53.757E-84 11.877E-84
37.107E-84 130.067E-84 203.785E-84 241.083E-84 178.971E-84 83.684E-84 24.919E-84 4.785E-84
11.447E-84 36.735E-84 51.933E-84 66.174E-84 53.757E-84 24.919E-84 9.164E-84 1.611E-84
3.040E-84 9.805E-84 14.063E-84 16.345E-84 11.877E-84 4.785E-84 1.611E-84 0.483E-84
