384.799E-84 789.008E-84 1193.866E-84 1166.558E-84 826.990E-84 220.270E-84 87.278E-84 38.919E-84
789.008E-84 2468.666E-84 3297.934E-84 3441.037E-84 2430.366E-84 827.244E-84 278.953E-84 104.621E-84
1193.866E-84 3297.934E-84 6281.017E-84 5857.713E-84 4182.090E-84 1528.720E-84 419.419E-84 150.395E-84
1166.558E-84 3441.037E-84 5857.713E-84 6343.377E-84 4461.196E-84 1667.815E-84 497.086E-84 168.352E-84
826.990E-84 2430.366E-84 4182.090E-84 4461.196E-84 3502.013E-84 1401.819E-84 439.792E-84 128.544E-84
220.270E-84 827.244E-84 1528.720E-84 1667.815E-84 1401.819E-84 807.588E-84 248.509E-84 47.072E-84
87.278E-84 278.953E-84 419.419E-84 497.086E-84 439.792E-84 248.509E-84 97.422E-84 19.134E-84
38.919E-84 104.621E-84 150.395E-84 168.352E-84 128.544E-84 47.072E-84 19.134E-84 7.842E-84
