5.209260e-06 5.165120e-06 5.449880e-06 5.414750e-06 3.607500e-06 1.475520e-06 5.202400e-07 1.216700e-07
5.165120e-06 2.142800e-05 1.843115e-05 1.770191e-05 1.235898e-05 5.760390e-06 1.941870e-06 4.117400e-07
5.449880e-06 1.843115e-05 3.077376e-05 2.631349e-05 1.733597e-05 7.664670e-06 2.490460e-06 5.293900e-07
5.414750e-06 1.770191e-05 2.631349e-05 3.290069e-05 2.119554e-05 8.916540e-06 2.859390e-06 6.021200e-07
3.607500e-06 1.235898e-05 1.733597e-05 2.119554e-05 1.900816e-05 8.028840e-06 2.362090e-06 4.905100e-07
1.475520e-06 5.760390e-06 7.664670e-06 8.916540e-06 8.028840e-06 5.063920e-06 1.499130e-06 2.600600e-07
5.202400e-07 1.941870e-06 2.490460e-06 2.859390e-06 2.362090e-06 1.499130e-06 6.672500e-07 1.104700e-07
1.216700e-07 4.117400e-07 5.293900e-07 6.021200e-07 4.905100e-07 2.600600e-07 1.104700e-07 3.890000e-08
