375.058 -5.551 -47.201 -7.308 -0.821 -0.902 -0.344 -0.030
-5.551 1821.647 31.115 -156.758 -39.058 -9.338 -2.217 -0.043
-47.201 31.115 4348.247 269.040 -313.708 -92.462 -17.984 -0.914
-7.308 -156.758 269.040 5947.956 700.721 -342.839 -78.672 -2.713
-0.821 -39.058 -313.708 700.721 5878.758 1013.662 -145.751 -2.860
-0.902 -9.338 -92.462 -342.839 1013.662 4679.844 465.915 -9.180
-0.344 -2.217 -17.984 -78.672 -145.751 465.915 1335.605 34.903
-0.030 -0.043 -0.914 -2.713 -2.860 -9.180 34.903 19.497
