17.281E-84 4.316E-84 0.981E-84 0.386E-84 0.175E-84 0.047E-84 0.019E-84 0.002E-84
4.316E-84 59.783E-84 13.377E-84 3.199E-84 0.890E-84 0.225E-84 0.042E-84 0.006E-84
0.981E-84 13.377E-84 83.368E-84 19.478E-84 4.159E-84 0.688E-84 0.142E-84 0.016E-84
0.386E-84 3.199E-84 19.478E-84 76.300E-84 17.415E-84 2.887E-84 0.399E-84 0.049E-84
0.175E-84 0.890E-84 4.159E-84 17.415E-84 50.714E-84 8.346E-84 1.129E-84 0.062E-84
0.047E-84 0.225E-84 0.688E-84 2.887E-84 8.346E-84 14.498E-84 1.871E-84 0.101E-84
0.019E-84 0.042E-84 0.142E-84 0.399E-84 1.129E-84 1.871E-84 4.343E-84 0.147E-84
0.002E-84 0.006E-84 0.016E-84 0.049E-84 0.062E-84 0.101E-84 0.147E-84 0.188E-84
