55578.445E-84 58860.557E-84 60378.311E-84 45220.647E-84 34618.319E-84 26584.728E-84 20025.404E-84 12986.738E-84 6460.467E-84 3981.279E-84 829.538E-84 205.817E-84
58860.557E-84 67278.874E-84 71209.690E-84 60105.923E-84 50535.710E-84 39818.233E-84 31808.493E-84 20735.959E-84 10139.678E-84 5164.600E-84 1487.729E-84 261.792E-84
60378.311E-84 71209.690E-84 79947.393E-84 69924.610E-84 60147.726E-84 47554.008E-84 38176.351E-84 25061.644E-84 12064.101E-84 6143.531E-84 1774.373E-84 308.808E-84
45220.647E-84 60105.923E-84 69924.610E-84 74185.188E-84 71691.029E-84 59199.546E-84 49384.624E-84 33309.494E-84 16489.765E-84 7198.661E-84 2728.158E-84 399.253E-84
34618.319E-84 50535.710E-84 60147.726E-84 71691.029E-84 75124.673E-84 63525.200E-84 54225.183E-84 37359.079E-84 19135.220E-84 8013.084E-84 3474.311E-84 468.633E-84
26584.728E-84 39818.233E-84 47554.008E-84 59199.546E-84 63525.200E-84 55354.698E-84 46951.905E-84 33113.395E-84 17206.412E-84 7264.286E-84 3260.826E-84 458.856E-84
20025.404E-84 31808.493E-84 38176.351E-84 49384.624E-84 54225.183E-84 46951.905E-84 41157.215E-84 28869.769E-84 15207.015E-84 6487.562E-84 2953.839E-84 418.405E-84
12986.738E-84 20735.959E-84 25061.644E-84 33309.494E-84 37359.079E-84 33113.395E-84 28869.769E-84 21118.541E-84 11534.464E-84 5238.876E-84 2309.615E-84 338.961E-84
6460.467E-84 10139.678E-84 12064.101E-84 16489.765E-84 19135.220E-84 17206.412E-84 15207.015E-84 11534.464E-84 6960.978E-84 3570.619E-84 1531.486E-84 228.184E-84
3981.279E-84 5164.600E-84 6143.531E-84 7198.661E-84 8013.084E-84 7264.286E-84 6487.562E-84 5238.876E-84 3570.619E-84 2385.019E-84 913.026E-84 154.129E-84
829.538E-84 1487.729E-84 1774.373E-84 2728.158E-84 3474.311E-84 3260.826E-84 2953.839E-84 2309.615E-84 1531.486E-84 913.026E-84 439.729E-84 62.254E-84
205.817E-84 261.792E-84 308.808E-84 399.253E-84 468.633E-84 458.856E-84 418.405E-84 338.961E-84 228.184E-84 154.129E-84 62.254E-84 15.245E-84
