33.684E-84 78.058E-84 87.540E-84 87.329E-84 86.942E-84 68.156E-84 50.842E-84 37.409E-84
78.058E-84 200.937E-84 237.301E-84 255.413E-84 267.730E-84 210.228E-84 154.423E-84 119.171E-84
87.540E-84 237.301E-84 307.318E-84 345.850E-84 375.759E-84 306.688E-84 229.018E-84 179.044E-84
87.329E-84 255.413E-84 345.850E-84 424.408E-84 479.626E-84 386.851E-84 290.976E-84 229.426E-84
86.942E-84 267.730E-84 375.759E-84 479.626E-84 580.386E-84 461.821E-84 343.697E-84 276.712E-84
68.156E-84 210.228E-84 306.688E-84 386.851E-84 461.821E-84 403.285E-84 300.163E-84 244.821E-84
50.842E-84 154.423E-84 229.018E-84 290.976E-84 343.697E-84 300.163E-84 239.503E-84 193.833E-84
37.409E-84 119.171E-84 179.044E-84 229.426E-84 276.712E-84 244.821E-84 193.833E-84 164.717E-84
