13.053E-84 21.354E-84 24.029E-84 25.945E-84 26.727E-84 23.505E-84 22.209E-84 25.444E-84
21.354E-84 73.124E-84 82.686E-84 85.119E-84 105.230E-84 101.031E-84 112.547E-84 94.467E-84
24.029E-84 82.686E-84 115.798E-84 129.470E-84 151.397E-84 152.158E-84 161.481E-84 151.063E-84
25.945E-84 85.119E-84 129.470E-84 175.384E-84 180.866E-84 177.610E-84 196.907E-84 183.731E-84
26.727E-84 105.230E-84 151.397E-84 180.866E-84 229.048E-84 221.694E-84 233.313E-84 216.679E-84
23.505E-84 101.031E-84 152.158E-84 177.610E-84 221.694E-84 240.058E-84 258.273E-84 236.181E-84
22.209E-84 112.547E-84 161.481E-84 196.907E-84 233.313E-84 258.273E-84 317.068E-84 269.857E-84
25.444E-84 94.467E-84 151.063E-84 183.731E-84 216.679E-84 236.181E-84 269.857E-84 294.391E-84
