Measured cross section as function of $p_{\mu}$ on scintillator, in units of $10^{-42}$ $\text{cm}^2$/GeV/c/nucleon, and the absolute and fractional cross section uncertainties
---------------------------------------------------------------------------------------------------
Bin edges (GeV/c);  $\sigma$ ;  Abs. Unc. ;  Frac. Stat. Unc. ;  Frac. Sys. Unc. ;  Frac. Flux Unc.
1.5-3.0; 132.41; 9.94; 0.031; 0.068; 0.037
3.0-4.0; 339.29; 25.45; 0.022; 0.072; 0.037
4.0-5.0; 492.23; 37.09; 0.019; 0.073; 0.037
5.0-6.0; 521.41; 39.22; 0.017; 0.073; 0.037
6.0-7.0; 393.48; 30.19; 0.018; 0.074; 0.036
7.0-8.5; 177.43; 14.31; 0.022; 0.078; 0.035
8.5-10.0; 53.66; 4.89; 0.039; 0.082; 0.033
10.0-20.0; 9.51; 0.90; 0.046; 0.083; 0.035

Statistical covariance matrix of measured cross section as function of $p_{\mu}$ on scintillator, in units of $10^{-84}$ $(\text{cm}^2$/GeV/c/nucleon$)^2$
--------------------------------------------------------------------------------------------
Bin edges (GeV/c); 1.5-3.0; 3.0-4.0; 4.0-5.0; 5.0-6.0; 6.0-7.0; 7.0-8.5; 8.5-10.0; 10.0-20.0
1.5-3.0; 16.658; 4.105; 0.935; 0.338; 0.170; 0.049; 0.020; 0.002
3.0-4.0; 4.105; 57.479; 12.979; 3.077; 0.916; 0.225; 0.043; 0.006
4.0-5.0; 0.935; 12.979; 83.056; 19.009; 4.249; 0.707; 0.145; 0.016
5.0-6.0; 0.338; 3.077; 19.009; 76.961; 17.936; 2.974; 0.414; 0.049
6.0-7.0; 0.170; 0.916; 4.249; 17.936; 52.187; 8.527; 1.138; 0.061
7.0-8.5; 0.049; 0.225; 0.707; 2.974; 8.527; 15.067; 1.952; 0.104
8.5-10.0; 0.020; 0.043; 0.145; 0.414; 1.138; 1.952; 4.444; 0.153
10.0-20.0; 0.002; 0.006; 0.016; 0.049; 0.061; 0.104; 0.153; 0.190

Systematic covariance matrix of measured cross section in $p_{\mu}$ on scintillator, in units of $10^{-84}$ $(\text{cm}^2$/GeV/c/nucleon$)^2$
--------------------------------------------------------------------------------------------
Bin edges (GeV/c); 1.5-3.0; 3.0-4.0; 4.0-5.0; 5.0-6.0; 6.0-7.0; 7.0-8.5; 8.5-10.0; 10.0-20.0
1.5-3.0; 82.125; 213.956; 314.097; 329.205; 240.409; 106.454; 32.919; 5.696
3.0-4.0; 213.956; 590.438; 854.841; 906.030; 662.006; 293.496; 94.406; 15.869
4.0-5.0; 314.097; 854.841; 1292.343; 1361.955; 1020.144; 458.089; 144.301; 24.963
5.0-6.0; 329.205; 906.030; 1361.955; 1461.454; 1099.429; 498.336; 156.016; 26.910
6.0-7.0; 240.409; 662.006; 1020.144; 1099.429; 859.179; 394.495; 122.519; 21.348
7.0-8.5; 106.454; 293.496; 458.089; 498.336; 394.495; 189.709; 57.596; 10.355
8.5-10.0; 32.919; 94.406; 144.301; 156.016; 122.519; 57.596; 19.425; 3.242
10.0-20.0; 5.696; 15.869; 24.963; 26.910; 21.348; 10.355; 3.242; 0.618

Predicted cross sections from various neutrino generators as function of $p_{\mu}$ on scintillator, in units of $10^{-42}$ $\text{cm}^2$/GeV/c/nucleon
---------------------------------------------------------------------------------------------------------------------------------------------------------------------------------------------------------------------------------------------------------------------------------------------------------------------------------------
Bin edges (GeV/c); GENIEv2 ['MnvTune', 'v4.3.1']; GENIEv2 ['MnvTune', 'v4.2.1']; GENIEv2 ['GENIE', 'v2.12.6']; NEUT ['LFG $M_{A,QE}$ =', '1.05 GeV/$c^2$']; NEUT ['SF $M_{A,QE}$  =', '1.03 GeV/$c^2$']; GENIEv3 ['', '02a.02.11a']; GENIEv3 ['', '02b.02.11a']; GENIEv3 ['', '10a.02.11a']; GENIEv3 ['', '10b.02.11a']; GiBUU ['', '']

Measured cross section as function of $\theta_{\mu}$ on scintillator, in units of $10^{-42}$ $\text{cm}^2$/degree/nucleon, and the absolute and fractional cross section uncertainties
----------------------------------------------------------------------------------------------------
Bin edges (degree);  $\sigma$ ;  Abs. Unc. ;  Frac. Stat. Unc. ;  Frac. Sys. Unc. ;  Frac. Flux Unc.
0-2; 93.64; 6.19; 0.023; 0.062; 0.033
2-3; 226.67; 15.25; 0.025; 0.063; 0.035
3-4; 276.53; 18.89; 0.025; 0.063; 0.035
4-5; 278.12; 22.02; 0.028; 0.074; 0.036
5-6; 262.12; 25.46; 0.031; 0.092; 0.038
6-8; 232.61; 21.04; 0.027; 0.086; 0.038
8-10; 167.48; 16.70; 0.038; 0.092; 0.041
10-13; 114.14; 13.91; 0.047; 0.112; 0.046

Statistical covariance matrix of measured cross section as function of $\theta_{\mu}$ on scintillator, in units of $10^{-84}$ $(\text{cm}^2$/degree/nucleon$)^2$
-------------------------------------------------------------
Bin edges (degree); 0-2; 2-3; 3-4; 4-5; 5-6; 6-8; 8-10; 10-13
0-2; 4.693; -0.300; -0.494; -0.035; -0.001; -0.002; -0.002; -0.002
2-3; -0.300; 31.566; 0.489; -1.641; -0.173; -0.013; -0.015; -0.013
3-4; -0.494; 0.489; 49.367; 1.222; -2.542; -0.137; 0.002; -0.004
4-5; -0.035; -1.641; 1.222; 60.451; 2.522; -1.709; -0.064; 0.008
5-6; -0.001; -0.173; -2.542; 2.522; 68.064; -0.152; -1.074; -0.021
6-8; -0.002; -0.013; -0.137; -1.709; -0.152; 39.575; -0.871; -0.601
8-10; -0.002; -0.015; 0.002; -0.064; -1.074; -0.871; 39.542; -1.187
10-13; -0.002; -0.013; -0.004; 0.008; -0.021; -0.601; -1.187; 28.649

Systematic covariance matrix of measured cross section in $\theta_{\mu}$ on scintillator, in units of $10^{-84}$ $(\text{cm}^2$/degree/nucleon$)^2$
-------------------------------------------------------------
Bin edges (degree); 0-2; 2-3; 3-4; 4-5; 5-6; 6-8; 8-10; 10-13
0-2; 33.684; 78.058; 87.540; 87.329; 86.942; 68.156; 50.842; 37.409
2-3; 78.058; 200.937; 237.301; 255.413; 267.730; 210.228; 154.423; 119.171
3-4; 87.540; 237.301; 307.318; 345.850; 375.759; 306.688; 229.018; 179.044
4-5; 87.329; 255.413; 345.850; 424.408; 479.626; 386.851; 290.976; 229.426
5-6; 86.942; 267.730; 375.759; 479.626; 580.386; 461.821; 343.697; 276.712
6-8; 68.156; 210.228; 306.688; 386.851; 461.821; 403.285; 300.163; 244.821
8-10; 50.842; 154.423; 229.018; 290.976; 343.697; 300.163; 239.503; 193.833
10-13; 37.409; 119.171; 179.044; 229.426; 276.712; 244.821; 193.833; 164.717

Predicted cross sections from various neutrino generators as function of $\theta_{\mu}$ on scintillator, in units of $10^{-42}$ $\text{cm}^2$/degree/nucleon
----------------------------------------------------------------------------------------------------------------------------------------------------------------------------------------------------------------------------------------------------------------------------------------------------------------------------------------
Bin edges (degree); GENIEv2 ['MnvTune', 'v4.3.1']; GENIEv2 ['MnvTune', 'v4.2.1']; GENIEv2 ['GENIE', 'v2.12.6']; NEUT ['LFG $M_{A,QE}$ =', '1.05 GeV/$c^2$']; NEUT ['SF $M_{A,QE}$  =', '1.03 GeV/$c^2$']; GENIEv3 ['', '02a.02.11a']; GENIEv3 ['', '02b.02.11a']; GENIEv3 ['', '10a.02.11a']; GENIEv3 ['', '10b.02.11a']; GiBUU ['', '']

Measured cross section as function of $p_{\mu,||}$ on scintillator, in units of $10^{-42}$ $\text{cm}^2$/GeV/c/nucleon, and the absolute and fractional cross section uncertainties
---------------------------------------------------------------------------------------------------
Bin edges (GeV/c);  $\sigma$ ;  Abs. Unc. ;  Frac. Stat. Unc. ;  Frac. Sys. Unc. ;  Frac. Flux Unc.
1.5-3.0; 137.27; 10.42; 0.030; 0.070; 0.037
3.0-4.0; 347.62; 25.93; 0.022; 0.071; 0.037
4.0-5.0; 494.41; 37.52; 0.018; 0.074; 0.037
5.0-6.0; 518.20; 38.78; 0.017; 0.073; 0.037
6.0-7.0; 386.60; 29.60; 0.018; 0.074; 0.036
7.0-8.5; 173.45; 14.06; 0.022; 0.078; 0.035
8.5-10.0; 52.71; 4.76; 0.040; 0.081; 0.033
10.0-20.0; 9.44; 0.89; 0.046; 0.082; 0.035

Statistical covariance matrix of measured cross section as function of $p_{\mu,||}$ on scintillator, in units of $10^{-84}$ $(\text{cm}^2$/GeV/c/nucleon$)^2$
--------------------------------------------------------------------------------------------
Bin edges (GeV/c); 1.5-3.0; 3.0-4.0; 4.0-5.0; 5.0-6.0; 6.0-7.0; 7.0-8.5; 8.5-10.0; 10.0-20.0
1.5-3.0; 17.281; 4.316; 0.981; 0.386; 0.175; 0.047; 0.019; 0.002
3.0-4.0; 4.316; 59.783; 13.377; 3.199; 0.890; 0.225; 0.042; 0.006
4.0-5.0; 0.981; 13.377; 83.368; 19.478; 4.159; 0.688; 0.142; 0.016
5.0-6.0; 0.386; 3.199; 19.478; 76.300; 17.415; 2.887; 0.399; 0.049
6.0-7.0; 0.175; 0.890; 4.159; 17.415; 50.714; 8.346; 1.129; 0.062
7.0-8.5; 0.047; 0.225; 0.688; 2.887; 8.346; 14.498; 1.871; 0.101
8.5-10.0; 0.019; 0.042; 0.142; 0.399; 1.129; 1.871; 4.343; 0.147
10.0-20.0; 0.002; 0.006; 0.016; 0.049; 0.062; 0.101; 0.147; 0.188

Systematic covariance matrix of measured cross section in $p_{\mu,||}$ on scintillator, in units of $10^{-84}$ $(\text{cm}^2$/GeV/c/nucleon$)^2$
--------------------------------------------------------------------------------------------
Bin edges (GeV/c); 1.5-3.0; 3.0-4.0; 4.0-5.0; 5.0-6.0; 6.0-7.0; 7.0-8.5; 8.5-10.0; 10.0-20.0
1.5-3.0; 91.226; 229.520; 338.349; 347.709; 251.637; 112.813; 34.549; 6.067
3.0-4.0; 229.520; 612.679; 877.172; 909.191; 657.101; 291.505; 93.008; 15.804
4.0-5.0; 338.349; 877.172; 1324.084; 1362.526; 1012.135; 457.507; 142.290; 25.029
5.0-6.0; 347.709; 909.191; 1362.526; 1427.562; 1062.163; 483.211; 149.666; 26.138
6.0-7.0; 251.637; 657.101; 1012.135; 1062.163; 825.422; 380.578; 117.151; 20.653
7.0-8.5; 112.813; 291.505; 457.507; 483.211; 380.578; 183.242; 55.337; 10.013
8.5-10.0; 34.549; 93.008; 142.290; 149.666; 117.151; 55.337; 18.344; 3.110
10.0-20.0; 6.067; 15.804; 25.029; 26.138; 20.653; 10.013; 3.110; 0.598

Predicted cross sections from various neutrino generators as function of $p_{\mu,||}$ on scintillator, in units of $10^{-42}$ $\text{cm}^2$/GeV/c/nucleon
---------------------------------------------------------------------------------------------------------------------------------------------------------------------------------------------------------------------------------------------------------------------------------------------------------------------------------------
Bin edges (GeV/c); GENIEv2 ['MnvTune', 'v4.3.1']; GENIEv2 ['MnvTune', 'v4.2.1']; GENIEv2 ['GENIE', 'v2.12.6']; NEUT ['LFG $M_{A,QE}$ =', '1.05 GeV/$c^2$']; NEUT ['SF $M_{A,QE}$  =', '1.03 GeV/$c^2$']; GENIEv3 ['', '02a.02.11a']; GENIEv3 ['', '02b.02.11a']; GENIEv3 ['', '10a.02.11a']; GENIEv3 ['', '10b.02.11a']; GiBUU ['', '']

Measured cross section as function of $p_{\mu,T}$ on scintillator, in units of $10^{-42}$ $\text{cm}^2$/GeV/c/nucleon, and the absolute and fractional cross section uncertainties
---------------------------------------------------------------------------------------------------
Bin edges (GeV/c);  $\sigma$ ;  Abs. Unc. ;  Frac. Stat. Unc. ;  Frac. Sys. Unc. ;  Frac. Flux Unc.
0.00-0.15; 646.46; 44.23; 0.030; 0.062; 0.033
0.15-0.30; 2212.06; 141.95; 0.019; 0.061; 0.033
0.30-0.45; 3421.09; 240.61; 0.019; 0.068; 0.035
0.45-0.60; 3545.67; 308.07; 0.022; 0.084; 0.036
0.60-0.75; 2728.36; 278.16; 0.028; 0.098; 0.037
0.75-0.90; 1665.26; 200.09; 0.041; 0.113; 0.041
0.90-1.25; 559.10; 97.31; 0.065; 0.161; 0.045
1.25-2.50; 19.99; 5.98; 0.221; 0.202; 0.045

Statistical covariance matrix of measured cross section as function of $p_{\mu,T}$ on scintillator, in units of $10^{-84}$ $(\text{cm}^2$/GeV/c/nucleon$)^2$
---------------------------------------------------------------------------------------------------------
Bin edges (GeV/c); 0.00-0.15; 0.15-0.30; 0.30-0.45; 0.45-0.60; 0.60-0.75; 0.75-0.90; 0.90-1.25; 1.25-2.50
0.00-0.15; 375.058; -5.551; -47.201; -7.308; -0.821; -0.902; -0.344; -0.030
0.15-0.30; -5.551; 1821.647; 31.115; -156.758; -39.058; -9.338; -2.217; -0.043
0.30-0.45; -47.201; 31.115; 4348.247; 269.040; -313.708; -92.462; -17.984; -0.914
0.45-0.60; -7.308; -156.758; 269.040; 5947.956; 700.721; -342.839; -78.672; -2.713
0.60-0.75; -0.821; -39.058; -313.708; 700.721; 5878.758; 1013.662; -145.751; -2.860
0.75-0.90; -0.902; -9.338; -92.462; -342.839; 1013.662; 4679.844; 465.915; -9.180
0.90-1.25; -0.344; -2.217; -17.984; -78.672; -145.751; 465.915; 1335.605; 34.903
1.25-2.50; -0.030; -0.043; -0.914; -2.713; -2.860; -9.180; 34.903; 19.497

Systematic covariance matrix of measured cross section in $p_{\mu,T}$ on scintillator, in units of $10^{-84}$ $(\text{cm}^2$/GeV/c/nucleon$)^2$
---------------------------------------------------------------------------------------------------------
Bin edges (GeV/c); 0.00-0.15; 0.15-0.30; 0.30-0.45; 0.45-0.60; 0.60-0.75; 0.75-0.90; 0.90-1.25; 1.25-2.50
0.00-0.15; 1581.186; 5096.119; 6401.031; 6050.531; 4214.151; 2732.787; 955.250; 36.236
0.15-0.30; 5096.119; 18327.195; 26728.571; 28116.824; 20742.179; 13158.005; 4370.207; 161.226
0.30-0.45; 6401.031; 26728.571; 53542.567; 65838.516; 54164.519; 34609.724; 11743.643; 442.813
0.45-0.60; 6050.531; 28116.824; 65838.516; 88957.669; 77342.326; 50764.557; 18249.458; 689.458
0.60-0.75; 4214.151; 20742.179; 54164.519; 77342.326; 71495.961; 48206.936; 18687.460; 724.443
0.75-0.90; 2732.787; 13158.005; 34609.724; 50764.557; 48206.936; 35354.928; 15091.296; 591.143
0.90-1.25; 955.250; 4370.207; 11743.643; 18249.458; 18687.460; 15091.296; 8133.526; 341.419
1.25-2.50; 36.236; 161.226; 442.813; 689.458; 724.443; 591.143; 341.419; 16.250

Predicted cross sections from various neutrino generators as function of $p_{\mu,T}$ on scintillator, in units of $10^{-42}$ $\text{cm}^2$/GeV/c/nucleon
---------------------------------------------------------------------------------------------------------------------------------------------------------------------------------------------------------------------------------------------------------------------------------------------------------------------------------------
Bin edges (GeV/c); GENIEv2 ['MnvTune', 'v4.3.1']; GENIEv2 ['MnvTune', 'v4.2.1']; GENIEv2 ['GENIE', 'v2.12.6']; NEUT ['LFG $M_{A,QE}$ =', '1.05 GeV/$c^2$']; NEUT ['SF $M_{A,QE}$  =', '1.03 GeV/$c^2$']; GENIEv3 ['', '02a.02.11a']; GENIEv3 ['', '02b.02.11a']; GENIEv3 ['', '10a.02.11a']; GENIEv3 ['', '10b.02.11a']; GiBUU ['', '']

Measured cross section as function of $Q^2$ on scintillator, in units of $10^{-42}$ $\text{cm}^2$/GeV${}^2/c${}^2$/nucleon, and the absolute and fractional cross section uncertainties
--------------------------------------------------------------------------------------------------------------
Bin edges (GeV${}^2/c${}^2$);  $\sigma$ ;  Abs. Unc. ;  Frac. Stat. Unc. ;  Frac. Sys. Unc. ;  Frac. Flux Unc.
0.000-0.025; 3825.00; 261.09; 0.029; 0.062; 0.033
0.025-0.050; 4428.16; 286.72; 0.028; 0.059; 0.033
0.050-0.100; 4535.82; 301.52; 0.023; 0.062; 0.034
0.100-0.200; 4059.36; 285.14; 0.021; 0.067; 0.035
0.200-0.300; 3452.35; 286.17; 0.024; 0.079; 0.036
0.300-0.400; 2733.16; 247.43; 0.028; 0.086; 0.036
0.400-0.500; 2103.42; 214.43; 0.033; 0.096; 0.037
0.500-0.700; 1412.01; 153.16; 0.034; 0.103; 0.038
0.700-1.000; 718.94; 89.74; 0.046; 0.116; 0.041
1.000-1.300; 331.82; 54.29; 0.071; 0.147; 0.044
1.300-2.000; 90.74; 24.36; 0.137; 0.231; 0.051
2.000-3.000; 21.03; 7.04; 0.278; 0.186; 0.039

Statistical covariance matrix of measured cross section as function of $Q^2$ on scintillator, in units of $10^{-84}$ $(\text{cm}^2$/GeV${}^2/c${}^2$/nucleon$)^2$
----------------------------------------------------------------------------------------------------------------------------------------------------------------------------------------
Bin edges (GeV${}^2/c${}^2$); 0.000-0.025; 0.025-0.050; 0.050-0.100; 0.100-0.200; 0.200-0.300; 0.300-0.400; 0.400-0.500; 0.500-0.700; 0.700-1.000; 1.000-1.300; 1.300-2.000; 2.000-3.000
0.000-0.025; 12588.365; 997.907; -805.851; -175.415; -12.014; -3.840; -2.954; -1.013; -1.935; -0.723; -0.531; -0.175
0.025-0.050; 997.907; 14929.823; 1929.772; -589.284; -214.404; -36.350; -8.937; -5.562; -3.890; -1.779; -0.493; -0.030
0.050-0.100; -805.851; 1929.772; 10965.271; 674.926; -508.532; -190.296; -62.976; -16.436; -3.694; -3.023; -1.259; -0.104
0.100-0.200; -175.415; -589.284; 674.926; 7118.253; 814.386; -378.057; -250.650; -76.736; -19.479; -5.880; -2.364; -0.485
0.200-0.300; -12.014; -214.404; -508.532; 814.386; 6771.264; 1416.831; -132.953; -214.847; -56.635; -19.106; -2.782; -1.670
0.300-0.400; -3.840; -36.350; -190.296; -378.057; 1416.831; 5865.008; 1736.357; -24.934; -128.954; -45.772; -7.149; -2.457
0.400-0.500; -2.954; -8.937; -62.976; -250.650; -132.953; 1736.357; 4823.638; 887.183; -77.544; -55.772; -11.482; 0.465
0.500-0.700; -1.013; -5.562; -16.436; -76.736; -214.847; -24.934; 887.183; 2338.753; 352.481; -49.685; -20.726; -1.956
0.700-1.000; -1.935; -3.890; -3.694; -19.479; -56.635; -128.954; -77.544; 352.481; 1092.546; 239.344; 3.234; -4.504
1.000-1.300; -0.723; -1.779; -3.023; -5.880; -19.106; -45.772; -55.772; -49.685; 239.344; 562.636; 91.453; 3.066
1.300-2.000; -0.531; -0.493; -1.259; -2.364; -2.782; -7.149; -11.482; -20.726; 3.234; 91.453; 153.493; 11.032
2.000-3.000; -0.175; -0.030; -0.104; -0.485; -1.670; -2.457; 0.465; -1.956; -4.504; 3.066; 11.032; 34.274

Systematic covariance matrix of measured cross section in $Q^2$ on scintillator, in units of $10^{-84}$ $(\text{cm}^2$/GeV${}^2/c${}^2$/nucleon$)^2$
----------------------------------------------------------------------------------------------------------------------------------------------------------------------------------------
Bin edges (GeV${}^2/c${}^2$); 0.000-0.025; 0.025-0.050; 0.050-0.100; 0.100-0.200; 0.200-0.300; 0.300-0.400; 0.400-0.500; 0.500-0.700; 0.700-1.000; 1.000-1.300; 1.300-2.000; 2.000-3.000
0.000-0.025; 55578.445; 58860.557; 60378.311; 45220.647; 34618.319; 26584.728; 20025.404; 12986.738; 6460.467; 3981.279; 829.538; 205.817
0.025-0.050; 58860.557; 67278.874; 71209.690; 60105.923; 50535.710; 39818.233; 31808.493; 20735.959; 10139.678; 5164.600; 1487.729; 261.792
0.050-0.100; 60378.311; 71209.690; 79947.393; 69924.610; 60147.726; 47554.008; 38176.351; 25061.644; 12064.101; 6143.531; 1774.373; 308.808
0.100-0.200; 45220.647; 60105.923; 69924.610; 74185.188; 71691.029; 59199.546; 49384.624; 33309.494; 16489.765; 7198.661; 2728.158; 399.253
0.200-0.300; 34618.319; 50535.710; 60147.726; 71691.029; 75124.673; 63525.200; 54225.183; 37359.079; 19135.220; 8013.084; 3474.311; 468.633
0.300-0.400; 26584.728; 39818.233; 47554.008; 59199.546; 63525.200; 55354.698; 46951.905; 33113.395; 17206.412; 7264.286; 3260.826; 458.856
0.400-0.500; 20025.404; 31808.493; 38176.351; 49384.624; 54225.183; 46951.905; 41157.215; 28869.769; 15207.015; 6487.562; 2953.839; 418.405
0.500-0.700; 12986.738; 20735.959; 25061.644; 33309.494; 37359.079; 33113.395; 28869.769; 21118.541; 11534.464; 5238.876; 2309.615; 338.961
0.700-1.000; 6460.467; 10139.678; 12064.101; 16489.765; 19135.220; 17206.412; 15207.015; 11534.464; 6960.978; 3570.619; 1531.486; 228.184
1.000-1.300; 3981.279; 5164.600; 6143.531; 7198.661; 8013.084; 7264.286; 6487.562; 5238.876; 3570.619; 2385.019; 913.026; 154.129
1.300-2.000; 829.538; 1487.729; 1774.373; 2728.158; 3474.311; 3260.826; 2953.839; 2309.615; 1531.486; 913.026; 439.729; 62.254
2.000-3.000; 205.817; 261.792; 308.808; 399.253; 468.633; 458.856; 418.405; 338.961; 228.184; 154.129; 62.254; 15.245

Predicted cross sections from various neutrino generators as function of $Q^2$ on scintillator, in units of $10^{-42}$ $\text{cm}^2$/GeV${}^2/c${}^2$/nucleon
--------------------------------------------------------------------------------------------------------------------------------------------------------------------------------------------------------------------------------------------------------------------------------------------------------------------------------------------------
Bin edges (GeV${}^2/c${}^2$); GENIEv2 ['MnvTune', 'v4.3.1']; GENIEv2 ['MnvTune', 'v4.2.1']; GENIEv2 ['GENIE', 'v2.12.6']; NEUT ['LFG $M_{A,QE}$ =', '1.05 GeV/$c^2$']; NEUT ['SF $M_{A,QE}$  =', '1.03 GeV/$c^2$']; GENIEv3 ['', '02a.02.11a']; GENIEv3 ['', '02b.02.11a']; GENIEv3 ['', '10a.02.11a']; GENIEv3 ['', '10b.02.11a']; GiBUU ['', '']

Measured cross section as function of $W_{exp}$ on scintillator, in units of $10^{-42}$ $\text{cm}^2$/GeV/c${}^2$/nucleon, and the absolute and fractional cross section uncertainties
---------------------------------------------------------------------------------------------------------
Bin edges (GeV/c${}^2$);  $\sigma$ ;  Abs. Unc. ;  Frac. Stat. Unc. ;  Frac. Sys. Unc. ;  Frac. Flux Unc.
0.9-1.1; 380.21; 89.00; 0.100; 0.212; 0.059
1.1-1.2; 4969.82; 394.14; 0.026; 0.075; 0.038
1.2-1.3; 10893.98; 791.75; 0.015; 0.071; 0.034
1.3-1.4; 7534.12; 786.69; 0.031; 0.100; 0.033

Statistical covariance matrix of measured cross section as function of $W_{exp}$ on scintillator, in units of $10^{-84}$ $(\text{cm}^2$/GeV/c${}^2$/nucleon$)^2$
-----------------------------------------------------------
Bin edges (GeV/c${}^2$); 0.9-1.1; 1.1-1.2; 1.2-1.3; 1.3-1.4
0.9-1.1; 1434.912; 298.236; -1959.309; -15.500
1.1-1.2; 298.236; 16108.522; -6199.017; -16343.752
1.2-1.3; -1959.309; -6199.017; 28235.499; 17223.717
1.3-1.4; -15.500; -16343.752; 17223.717; 53971.062

Systematic covariance matrix of measured cross section in $W_{exp}$ on scintillator, in units of $10^{-84}$ $(\text{cm}^2$/GeV/c${}^2$/nucleon$)^2$
-----------------------------------------------------------
Bin edges (GeV/c${}^2$); 0.9-1.1; 1.1-1.2; 1.2-1.3; 1.3-1.4
0.9-1.1; 6486.707; 15615.022; 35973.498; 36397.745
1.1-1.2; 15615.022; 139234.924; 211164.417; 136341.941
1.2-1.3; 35973.498; 211164.417; 598624.922; 523114.324
1.3-1.4; 36397.745; 136341.941; 523114.324; 564914.576

Predicted cross sections from various neutrino generators as function of $W_{exp}$ on scintillator, in units of $10^{-42}$ $\text{cm}^2$/GeV/c${}^2$/nucleon
---------------------------------------------------------------------------------------------------------------------------------------------------------------------------------------------------------------------------------------------------------------------------------------------------------------------------------------------
Bin edges (GeV/c${}^2$); GENIEv2 ['MnvTune', 'v4.3.1']; GENIEv2 ['MnvTune', 'v4.2.1']; GENIEv2 ['GENIE', 'v2.12.6']; NEUT ['LFG $M_{A,QE}$ =', '1.05 GeV/$c^2$']; NEUT ['SF $M_{A,QE}$  =', '1.03 GeV/$c^2$']; GENIEv3 ['', '02a.02.11a']; GENIEv3 ['', '02b.02.11a']; GENIEv3 ['', '10a.02.11a']; GENIEv3 ['', '10b.02.11a']; GiBUU ['', '']

Measured cross section as function of $T_{\pi}$ on scintillator, in units of $10^{-42}$ $\text{cm}^2$/GeV/nucleon, and the absolute and fractional cross section uncertainties
-------------------------------------------------------------------------------------------------
Bin edges (GeV);  $\sigma$ ;  Abs. Unc. ;  Frac. Stat. Unc. ;  Frac. Sys. Unc. ;  Frac. Flux Unc.
0.035-0.100; 13123.56; 1025.94; 0.016; 0.076; 0.037
0.100-0.150; 9902.55; 655.87; 0.015; 0.064; 0.035
0.150-0.200; 6746.23; 521.56; 0.023; 0.074; 0.035
0.200-0.350; 3574.69; 367.65; 0.032; 0.098; 0.037

Statistical covariance matrix of measured cross section as function of $T_{\pi}$ on scintillator, in units of $10^{-84}$ $(\text{cm}^2$/GeV/nucleon$)^2$
-------------------------------------------------------------------
Bin edges (GeV); 0.035-0.100; 0.100-0.150; 0.150-0.200; 0.200-0.350
0.035-0.100; 46118.291; 870.889; -2121.179; -1189.136
0.100-0.150; 870.889; 23295.488; 2478.311; -458.209
0.150-0.200; -2121.179; 2478.311; 24009.621; 3296.240
0.200-0.350; -1189.136; -458.209; 3296.240; 13381.849

Systematic covariance matrix of measured cross section in $T_{\pi}$ on scintillator, in units of $10^{-84}$ $(\text{cm}^2$/GeV/nucleon$)^2$
-------------------------------------------------------------------
Bin edges (GeV); 0.035-0.100; 0.100-0.150; 0.150-0.200; 0.200-0.350
0.035-0.100; 1006425.993; 600004.017; 464834.038; 298853.945
0.100-0.150; 600004.017; 406873.221; 299782.750; 190420.988
0.150-0.200; 464834.038; 299782.750; 248015.149; 165499.617
0.200-0.350; 298853.945; 190420.988; 165499.617; 121786.467

Predicted cross sections from various neutrino generators as function of $T_{\pi}$ on scintillator, in units of $10^{-42}$ $\text{cm}^2$/GeV/nucleon
-------------------------------------------------------------------------------------------------------------------------------------------------------------------------------------------------------------------------------------------------------------------------------------------------------------------------------------
Bin edges (GeV); GENIEv2 ['MnvTune', 'v4.3.1']; GENIEv2 ['MnvTune', 'v4.2.1']; GENIEv2 ['GENIE', 'v2.12.6']; NEUT ['LFG $M_{A,QE}$ =', '1.05 GeV/$c^2$']; NEUT ['SF $M_{A,QE}$  =', '1.03 GeV/$c^2$']; GENIEv3 ['', '02a.02.11a']; GENIEv3 ['', '02b.02.11a']; GENIEv3 ['', '10a.02.11a']; GENIEv3 ['', '10b.02.11a']; GiBUU ['', '']

Measured cross section as function of $\theta_{\pi}$ on scintillator, in units of $10^{-42}$ $\text{cm}^2$/degree/nucleon, and the absolute and fractional cross section uncertainties
----------------------------------------------------------------------------------------------------
Bin edges (degree);  $\sigma$ ;  Abs. Unc. ;  Frac. Stat. Unc. ;  Frac. Sys. Unc. ;  Frac. Flux Unc.
0-10; 3.46; 0.45; 0.079; 0.102; 0.039
10-20; 10.35; 1.05; 0.041; 0.092; 0.037
20-30; 15.83; 1.50; 0.032; 0.089; 0.036
30-40; 19.13; 1.65; 0.027; 0.082; 0.037
40-50; 21.54; 1.81; 0.026; 0.080; 0.038
50-60; 23.20; 1.83; 0.026; 0.074; 0.037
60-120; 19.20; 1.53; 0.019; 0.077; 0.035
120-135; 9.30; 0.69; 0.027; 0.069; 0.033
135-150; 6.21; 0.46; 0.031; 0.068; 0.034
150-165; 3.20; 0.30; 0.049; 0.079; 0.035
165-180; 0.78; 0.10; 0.110; 0.074; 0.037

Statistical covariance matrix of measured cross section as function of $\theta_{\pi}$ on scintillator, in units of $10^{-84}$ $(\text{cm}^2$/degree/nucleon$)^2$
-------------------------------------------------------------------------------------------------------
Bin edges (degree); 0-10; 10-20; 20-30; 30-40; 40-50; 50-60; 60-120; 120-135; 135-150; 150-165; 165-180
0-10; 0.074; 0.022; -0.002; -0.003; -0.001; -0.001; -0.000; -0.001; -0.000; -0.000; 0.005
10-20; 0.022; 0.183; 0.029; -0.007; -0.004; -0.004; -0.003; -0.002; -0.002; 0.002; 0.005
20-30; -0.002; 0.029; 0.250; 0.034; -0.009; -0.006; -0.003; -0.004; -0.003; 0.005; -0.000
30-40; -0.003; -0.007; 0.034; 0.276; 0.040; -0.011; -0.005; -0.006; 0.002; 0.002; -0.000
40-50; -0.001; -0.004; -0.009; 0.040; 0.323; 0.044; -0.006; -0.004; 0.002; -0.003; -0.001
50-60; -0.001; -0.004; -0.006; -0.011; 0.044; 0.376; 0.020; 0.002; -0.006; -0.002; -0.000
60-120; -0.000; -0.003; -0.003; -0.005; -0.006; 0.020; 0.133; 0.007; -0.002; 0.000; 0.000
120-135; -0.001; -0.002; -0.004; -0.006; -0.004; 0.002; 0.007; 0.064; 0.009; -0.001; 0.000
135-150; -0.000; -0.002; -0.003; 0.002; 0.002; -0.006; -0.002; 0.009; 0.036; 0.008; 0.001
150-165; -0.000; 0.002; 0.005; 0.002; -0.003; -0.002; 0.000; -0.001; 0.008; 0.024; 0.001
165-180; 0.005; 0.005; -0.000; -0.000; -0.001; -0.000; 0.000; 0.000; 0.001; 0.001; 0.007

Systematic covariance matrix of measured cross section in $\theta_{\pi}$ on scintillator, in units of $10^{-84}$ $(\text{cm}^2$/degree/nucleon$)^2$
-------------------------------------------------------------------------------------------------------
Bin edges (degree); 0-10; 10-20; 20-30; 30-40; 40-50; 50-60; 60-120; 120-135; 135-150; 150-165; 165-180
0-10; 0.125; 0.325; 0.470; 0.510; 0.522; 0.494; 0.301; 0.146; 0.097; 0.054; 0.014
10-20; 0.325; 0.913; 1.275; 1.384; 1.399; 1.314; 0.860; 0.434; 0.280; 0.161; 0.038
20-30; 0.470; 1.275; 1.989; 2.183; 2.306; 2.214; 1.631; 0.653; 0.431; 0.258; 0.059
30-40; 0.510; 1.384; 2.183; 2.450; 2.624; 2.532; 1.914; 0.750; 0.500; 0.299; 0.071
40-50; 0.522; 1.399; 2.306; 2.624; 2.936; 2.888; 2.220; 0.856; 0.575; 0.326; 0.078
50-60; 0.494; 1.314; 2.214; 2.532; 2.888; 2.972; 2.272; 0.903; 0.616; 0.349; 0.079
60-120; 0.301; 0.860; 1.631; 1.914; 2.220; 2.272; 2.193; 0.675; 0.463; 0.301; 0.059
120-135; 0.146; 0.434; 0.653; 0.750; 0.856; 0.903; 0.675; 0.407; 0.261; 0.118; 0.025
135-150; 0.097; 0.280; 0.431; 0.500; 0.575; 0.616; 0.463; 0.261; 0.176; 0.085; 0.018
150-165; 0.054; 0.161; 0.258; 0.299; 0.326; 0.349; 0.301; 0.118; 0.085; 0.064; 0.012
165-180; 0.014; 0.038; 0.059; 0.071; 0.078; 0.079; 0.059; 0.025; 0.018; 0.012; 0.003

Predicted cross sections from various neutrino generators as function of $\theta_{\pi}$ on scintillator, in units of $10^{-42}$ $\text{cm}^2$/degree/nucleon
----------------------------------------------------------------------------------------------------------------------------------------------------------------------------------------------------------------------------------------------------------------------------------------------------------------------------------------
Bin edges (degree); GENIEv2 ['MnvTune', 'v4.3.1']; GENIEv2 ['MnvTune', 'v4.2.1']; GENIEv2 ['GENIE', 'v2.12.6']; NEUT ['LFG $M_{A,QE}$ =', '1.05 GeV/$c^2$']; NEUT ['SF $M_{A,QE}$  =', '1.03 GeV/$c^2$']; GENIEv3 ['', '02a.02.11a']; GENIEv3 ['', '02b.02.11a']; GENIEv3 ['', '10a.02.11a']; GENIEv3 ['', '10b.02.11a']; GiBUU ['', '']

Measured cross section as function of $p_{\mu}$ on carbon, in units of $10^{-42}$ $\text{cm}^2$/GeV/c/nucleon, and the absolute and fractional cross section uncertainties
---------------------------------------------------------------------------------------------------
Bin edges (GeV/c);  $\sigma$ ;  Abs. Unc. ;  Frac. Stat. Unc. ;  Frac. Sys. Unc. ;  Frac. Flux Unc.
1.5-3.0; 143.43; 53.59; 0.348; 0.137; 0.038
3.0-4.0; 400.66; 96.71; 0.207; 0.124; 0.038
4.0-5.0; 489.84; 119.50; 0.183; 0.162; 0.039
5.0-6.0; 489.52; 115.11; 0.170; 0.163; 0.037
6.0-7.0; 310.21; 84.33; 0.194; 0.191; 0.037
7.0-8.5; 135.12; 44.89; 0.257; 0.210; 0.038
8.5-10.0; 36.97; 16.68; 0.364; 0.267; 0.041
10.0-20.0; 11.32; 5.78; 0.446; 0.247; 0.038

Statistical covariance matrix of measured cross section as function of $p_{\mu}$ on carbon, in units of $10^{-84}$ $(\text{cm}^2$/GeV/c/nucleon$)^2$
--------------------------------------------------------------------------------------------
Bin edges (GeV/c); 1.5-3.0; 3.0-4.0; 4.0-5.0; 5.0-6.0; 6.0-7.0; 7.0-8.5; 8.5-10.0; 10.0-20.0
1.5-3.0; 2487.306; 783.530; 123.415; 78.780; 75.516; 20.167; 1.410; 1.759
3.0-4.0; 783.530; 6883.567; 1843.185; 398.312; 105.427; 9.190; 0.161; 0.000
4.0-5.0; 123.415; 1843.185; 7998.915; 2532.020; 359.777; 55.429; 7.510; 0.000
5.0-6.0; 78.780; 398.312; 2532.020; 6906.017; 2408.268; 351.079; 61.864; 4.991
6.0-7.0; 75.516; 105.427; 359.777; 2408.268; 3610.355; 1147.420; 152.970; 34.063
7.0-8.5; 20.167; 9.190; 55.429; 351.079; 1147.420; 1207.419; 270.781; 15.516
8.5-10.0; 1.410; 0.161; 7.510; 61.864; 152.970; 270.781; 180.813; 22.407
10.0-20.0; 1.759; 0.000; 0.000; 4.991; 34.063; 15.516; 22.407; 25.537

Systematic covariance matrix of measured cross section in $p_{\mu}$ on carbon, in units of $10^{-84}$ $(\text{cm}^2$/GeV/c/nucleon$)^2$
--------------------------------------------------------------------------------------------
Bin edges (GeV/c); 1.5-3.0; 3.0-4.0; 4.0-5.0; 5.0-6.0; 6.0-7.0; 7.0-8.5; 8.5-10.0; 10.0-20.0
1.5-3.0; 384.799; 789.008; 1193.866; 1166.558; 826.990; 220.270; 87.278; 38.919
3.0-4.0; 789.008; 2468.666; 3297.934; 3441.037; 2430.366; 827.244; 278.953; 104.621
4.0-5.0; 1193.866; 3297.934; 6281.017; 5857.713; 4182.090; 1528.720; 419.419; 150.395
5.0-6.0; 1166.558; 3441.037; 5857.713; 6343.377; 4461.196; 1667.815; 497.086; 168.352
6.0-7.0; 826.990; 2430.366; 4182.090; 4461.196; 3502.013; 1401.819; 439.792; 128.544
7.0-8.5; 220.270; 827.244; 1528.720; 1667.815; 1401.819; 807.588; 248.509; 47.072
8.5-10.0; 87.278; 278.953; 419.419; 497.086; 439.792; 248.509; 97.422; 19.134
10.0-20.0; 38.919; 104.621; 150.395; 168.352; 128.544; 47.072; 19.134; 7.842

Predicted cross sections from various neutrino generators as function of $p_{\mu}$ on carbon, in units of $10^{-42}$ $\text{cm}^2$/GeV/c/nucleon
---------------------------------------------------------------------------------------------------------------------------------------------------------------------------------------------------------------------------------------------------------------------------------------------------------------------------------------
Bin edges (GeV/c); GENIEv2 ['MnvTune', 'v4.3.1']; GENIEv2 ['MnvTune', 'v4.2.1']; GENIEv2 ['GENIE', 'v2.12.6']; NEUT ['LFG $M_{A,QE}$ =', '1.05 GeV/$c^2$']; NEUT ['SF $M_{A,QE}$  =', '1.03 GeV/$c^2$']; GENIEv3 ['', '02a.02.11a']; GENIEv3 ['', '02b.02.11a']; GENIEv3 ['', '10a.02.11a']; GENIEv3 ['', '10b.02.11a']; GiBUU ['', '']

Measured cross section as function of $\theta_{\mu}$ on carbon, in units of $10^{-42}$ $\text{cm}^2$/degree/nucleon, and the absolute and fractional cross section uncertainties
----------------------------------------------------------------------------------------------------
Bin edges (degree);  $\sigma$ ;  Abs. Unc. ;  Frac. Stat. Unc. ;  Frac. Sys. Unc. ;  Frac. Flux Unc.
0-2; 69.93; 21.86; 0.297; 0.096; 0.034
2-3; 293.81; 74.18; 0.226; 0.113; 0.033
3-4; 232.51; 71.15; 0.268; 0.147; 0.033
4-5; 243.12; 83.24; 0.275; 0.204; 0.037
5-6; 104.44; 64.79; 0.510; 0.353; 0.046
6-8; 165.82; 82.86; 0.411; 0.285; 0.039
8-10; 272.11; 109.74; 0.346; 0.207; 0.035
10-13; 210.36; 91.15; 0.384; 0.202; 0.039

Statistical covariance matrix of measured cross section as function of $\theta_{\mu}$ on carbon, in units of $10^{-84}$ $(\text{cm}^2$/degree/nucleon$)^2$
-------------------------------------------------------------
Bin edges (degree); 0-2; 2-3; 3-4; 4-5; 5-6; 6-8; 8-10; 10-13
0-2; 432.545; -42.190; -60.428; -10.381; 0.256; 0.206; -2.325; -2.718
2-3; -42.190; 4402.124; 227.802; -355.022; -55.531; -0.703; -21.100; -2.610
3-4; -60.428; 227.802; 3889.313; 556.447; -267.531; -59.679; -5.042; -9.166
4-5; -10.381; -355.022; 556.447; 4479.508; 604.254; -323.825; -38.103; 3.448
5-6; 0.256; -55.531; -267.531; 604.254; 2836.385; 323.719; -183.679; -8.398
6-8; 0.206; -0.703; -59.679; -323.825; 323.719; 4640.159; -126.552; -144.285
8-10; -2.325; -21.100; -5.042; -38.103; -183.679; -126.552; 8881.099; -343.995
10-13; -2.718; -2.610; -9.166; 3.448; -8.398; -144.285; -343.995; 6510.178

Systematic covariance matrix of measured cross section in $\theta_{\mu}$ on carbon, in units of $10^{-84}$ $(\text{cm}^2$/degree/nucleon$)^2$
-------------------------------------------------------------
Bin edges (degree); 0-2; 2-3; 3-4; 4-5; 5-6; 6-8; 8-10; 10-13
0-2; 45.099; 92.411; 103.281; 114.507; 74.645; 105.557; 149.681; 52.143
2-3; 92.411; 1100.609; 841.832; 1222.754; 769.793; 961.137; 1118.738; 1053.933
3-4; 103.281; 841.832; 1172.797; 1542.172; 1062.769; 1138.866; 1384.286; 1145.364
4-5; 114.507; 1222.754; 1542.172; 2449.024; 1531.587; 1737.054; 2156.829; 1604.998
5-6; 74.645; 769.793; 1062.769; 1531.587; 1361.346; 1240.504; 1502.525; 1102.167
6-8; 105.557; 961.137; 1138.866; 1737.054; 1240.504; 2226.414; 1880.519; 1195.813
8-10; 149.681; 1118.738; 1384.286; 2156.829; 1502.525; 1880.519; 3161.621; 1418.018
10-13; 52.143; 1053.933; 1145.364; 1604.998; 1102.167; 1195.813; 1418.018; 1798.854

Predicted cross sections from various neutrino generators as function of $\theta_{\mu}$ on carbon, in units of $10^{-42}$ $\text{cm}^2$/degree/nucleon
----------------------------------------------------------------------------------------------------------------------------------------------------------------------------------------------------------------------------------------------------------------------------------------------------------------------------------------
Bin edges (degree); GENIEv2 ['MnvTune', 'v4.3.1']; GENIEv2 ['MnvTune', 'v4.2.1']; GENIEv2 ['GENIE', 'v2.12.6']; NEUT ['LFG $M_{A,QE}$ =', '1.05 GeV/$c^2$']; NEUT ['SF $M_{A,QE}$  =', '1.03 GeV/$c^2$']; GENIEv3 ['', '02a.02.11a']; GENIEv3 ['', '02b.02.11a']; GENIEv3 ['', '10a.02.11a']; GENIEv3 ['', '10b.02.11a']; GiBUU ['', '']

Measured cross section as function of $p_{\mu,||}$ on carbon, in units of $10^{-42}$ $\text{cm}^2$/GeV/c/nucleon, and the absolute and fractional cross section uncertainties
---------------------------------------------------------------------------------------------------
Bin edges (GeV/c);  $\sigma$ ;  Abs. Unc. ;  Frac. Stat. Unc. ;  Frac. Sys. Unc. ;  Frac. Flux Unc.
1.5-3.0; 142.81; 54.37; 0.353; 0.142; 0.038
3.0-4.0; 414.13; 100.15; 0.207; 0.125; 0.037
4.0-5.0; 495.24; 120.33; 0.181; 0.162; 0.039
5.0-6.0; 470.54; 113.51; 0.174; 0.167; 0.038
6.0-7.0; 316.82; 84.97; 0.193; 0.186; 0.037
7.0-8.5; 131.56; 43.90; 0.258; 0.211; 0.038
8.5-10.0; 36.08; 16.51; 0.370; 0.270; 0.041
10.0-20.0; 11.27; 5.74; 0.446; 0.247; 0.038

Statistical covariance matrix of measured cross section as function of $p_{\mu,||}$ on carbon, in units of $10^{-84}$ $(\text{cm}^2$/GeV/c/nucleon$)^2$
--------------------------------------------------------------------------------------------
Bin edges (GeV/c); 1.5-3.0; 3.0-4.0; 4.0-5.0; 5.0-6.0; 6.0-7.0; 7.0-8.5; 8.5-10.0; 10.0-20.0
1.5-3.0; 2545.244; 728.621; 120.277; 77.608; 72.794; 19.444; 1.364; 1.702
3.0-4.0; 728.621; 7370.998; 1832.106; 356.992; 93.965; 8.392; 0.052; 0.000
4.0-5.0; 120.277; 1832.106; 8057.985; 2544.775; 374.057; 53.227; 7.161; 0.000
5.0-6.0; 77.608; 356.992; 2544.775; 6684.440; 2431.505; 348.631; 58.569; 4.882
6.0-7.0; 72.794; 93.965; 374.057; 2431.505; 3735.052; 1088.284; 140.039; 33.362
7.0-8.5; 19.444; 8.392; 53.227; 348.631; 1088.284; 1156.326; 260.739; 15.362
8.5-10.0; 1.364; 0.052; 7.161; 58.569; 140.039; 260.739; 177.793; 22.270
10.0-20.0; 1.702; 0.000; 0.000; 4.882; 33.362; 15.362; 22.270; 25.211

Systematic covariance matrix of measured cross section in $p_{\mu,||}$ on carbon, in units of $10^{-84}$ $(\text{cm}^2$/GeV/c/nucleon$)^2$
--------------------------------------------------------------------------------------------
Bin edges (GeV/c); 1.5-3.0; 3.0-4.0; 4.0-5.0; 5.0-6.0; 6.0-7.0; 7.0-8.5; 8.5-10.0; 10.0-20.0
1.5-3.0; 410.793; 807.898; 1244.792; 1207.063; 865.339; 222.378; 85.770; 40.987
3.0-4.0; 807.898; 2659.590; 3370.825; 3460.466; 2460.014; 783.208; 264.051; 103.430
4.0-5.0; 1244.792; 3370.825; 6421.428; 5800.897; 4234.157; 1488.178; 408.526; 149.058
5.0-6.0; 1207.063; 3460.466; 5800.897; 6199.385; 4432.492; 1594.078; 488.891; 166.781
6.0-7.0; 865.339; 2460.014; 4234.157; 4432.492; 3484.686; 1332.120; 428.733; 129.620
7.0-8.5; 222.378; 783.208; 1488.178; 1594.078; 1332.120; 770.937; 239.169; 44.936
8.5-10.0; 85.770; 264.051; 408.526; 488.891; 428.733; 239.169; 94.943; 18.573
10.0-20.0; 40.987; 103.430; 149.058; 166.781; 129.620; 44.936; 18.573; 7.764

Predicted cross sections from various neutrino generators as function of $p_{\mu,||}$ on carbon, in units of $10^{-42}$ $\text{cm}^2$/GeV/c/nucleon
---------------------------------------------------------------------------------------------------------------------------------------------------------------------------------------------------------------------------------------------------------------------------------------------------------------------------------------
Bin edges (GeV/c); GENIEv2 ['MnvTune', 'v4.3.1']; GENIEv2 ['MnvTune', 'v4.2.1']; GENIEv2 ['GENIE', 'v2.12.6']; NEUT ['LFG $M_{A,QE}$ =', '1.05 GeV/$c^2$']; NEUT ['SF $M_{A,QE}$  =', '1.03 GeV/$c^2$']; GENIEv3 ['', '02a.02.11a']; GENIEv3 ['', '02b.02.11a']; GENIEv3 ['', '10a.02.11a']; GENIEv3 ['', '10b.02.11a']; GiBUU ['', '']

Measured cross section as function of $p_{\mu,T}$ on carbon, in units of $10^{-42}$ $\text{cm}^2$/GeV/c/nucleon, and the absolute and fractional cross section uncertainties
---------------------------------------------------------------------------------------------------
Bin edges (GeV/c);  $\sigma$ ;  Abs. Unc. ;  Frac. Stat. Unc. ;  Frac. Sys. Unc. ;  Frac. Flux Unc.
0.00-0.15; 677.76; 225.45; 0.321; 0.087; 0.034
0.15-0.30; 1738.89; 427.93; 0.225; 0.100; 0.034
0.30-0.45; 3334.80; 784.27; 0.200; 0.124; 0.035
0.45-0.60; 3255.16; 968.88; 0.227; 0.193; 0.037
0.60-0.75; 2354.67; 914.93; 0.305; 0.241; 0.037
0.75-0.90; 1095.46; 966.59; 0.687; 0.554; 0.049
0.90-1.25; 732.87; 537.65; 0.581; 0.448; 0.048
1.25-2.50; 41.20; 64.42; 1.409; 0.678; 0.036

Statistical covariance matrix of measured cross section as function of $p_{\mu,T}$ on carbon, in units of $10^{-84}$ $(\text{cm}^2$/GeV/c/nucleon$)^2$
---------------------------------------------------------------------------------------------------------
Bin edges (GeV/c); 0.00-0.15; 0.15-0.30; 0.30-0.45; 0.45-0.60; 0.60-0.75; 0.75-0.90; 0.90-1.25; 1.25-2.50
