1.00000	0.84420	0.87998	0.86569	0.78476	0.62381	0.24728	0.19878
0.84420	1.00000	0.88323	0.87029	0.77574	0.59187	0.22371	0.17721
0.87998	0.88323	1.00000	0.91996	0.84521	0.64905	0.22549	0.22917
0.86569	0.87029	0.91996	1.00000	0.91825	0.77865	0.31484	0.34392
0.78476	0.77574	0.84521	0.91825	1.00000	0.88165	0.43137	0.51379
0.62381	0.59187	0.64905	0.77865	0.88165	1.00000	0.57473	0.60981
0.24728	0.22371	0.22549	0.31484	0.43137	0.57473	1.00000	0.63099
0.19878	0.17721	0.22917	0.34392	0.51379	0.60981	0.63099	1.00000
