  1.0000   0.7902   0.8343   0.8069   0.6633   0.3856   0.1102   0.0490  -0.1135  -0.1723  -0.1924  -0.2609  -0.5332  -0.7578  -0.5159  -0.5108
  0.7902   1.0000   0.8441   0.8226   0.6617   0.3491   0.0915   0.0300  -0.1015  -0.1423  -0.1633  -0.2144  -0.5047  -0.7732  -0.5584  -0.5549
  0.8343   0.8441   1.0000   0.8856   0.7544   0.4157   0.0816   0.0825  -0.1466  -0.1962  -0.1961  -0.2663  -0.5597  -0.8420  -0.5937  -0.5861
  0.8069   0.8226   0.8856   1.0000   0.8501   0.5871   0.1603   0.2071  -0.3074  -0.3530  -0.3761  -0.4298  -0.6824  -0.8231  -0.5680  -0.5291
  0.6633   0.6617   0.7544   0.8501   1.0000   0.7672   0.2976   0.4414  -0.4842  -0.5468  -0.5597  -0.6363  -0.7871  -0.7782  -0.4262  -0.3626
  0.3856   0.3491   0.4157   0.5871   0.7672   1.0000   0.4857   0.5699  -0.6954  -0.7622  -0.8020  -0.8456  -0.8496  -0.4183  -0.1118  -0.0047
  0.1102   0.0915   0.0816   0.1603   0.2976   0.4857   1.0000   0.5809  -0.4135  -0.4474  -0.4846  -0.5109  -0.4787  -0.1721  -0.0280   0.0402
  0.0490   0.0300   0.0825   0.2071   0.4414   0.5699   0.5809   1.0000  -0.4110  -0.4535  -0.4817  -0.5076  -0.4972  -0.1989  -0.1216  -0.0255
 -0.1135  -0.1015  -0.1466  -0.3074  -0.4842  -0.6954  -0.4135  -0.4110   1.0000   0.7365   0.7476   0.7149   0.5552   0.1233  -0.1773  -0.2202
 -0.1723  -0.1423  -0.1962  -0.3530  -0.5468  -0.7622  -0.4474  -0.4535   0.7365   1.0000   0.7859   0.7990   0.6569   0.1477  -0.1727  -0.2472
 -0.1924  -0.1633  -0.1961  -0.3761  -0.5597  -0.8020  -0.4846  -0.4817   0.7476   0.7859   1.0000   0.8620   0.7439   0.1309  -0.2341  -0.3058
 -0.2609  -0.2144  -0.2663  -0.4298  -0.6363  -0.8456  -0.5109  -0.5076   0.7149   0.7990   0.8620   1.0000   0.8045   0.2204  -0.2241  -0.3040
 -0.5332  -0.5047  -0.5597  -0.6824  -0.7871  -0.8496  -0.4787  -0.4972   0.5552   0.6569   0.7439   0.8045   1.0000   0.4908   0.0593  -0.0277
 -0.7578  -0.7732  -0.8420  -0.8231  -0.7782  -0.4183  -0.1721  -0.1989   0.1233   0.1477   0.1309   0.2204   0.4908   1.0000   0.5200   0.5417
 -0.5159  -0.5584  -0.5937  -0.5680  -0.4262  -0.1118  -0.0280  -0.1216  -0.1773  -0.1727  -0.2341  -0.2241   0.0593   0.5200   1.0000   0.8467
 -0.5108  -0.5549  -0.5861  -0.5291  -0.3626  -0.0047   0.0402  -0.0255  -0.2202  -0.2472  -0.3058  -0.3040  -0.0277   0.5417   0.8467   1.0000
