0.0104330415 0.0123973932 0.0136821977 0.0145256938 0.0093296793 0.0038321515 0.0011020691 0.0002068501 0.005954586 0.0077288382 0.0083716276 0.0070462335 0.0045217793 0.0013718926 0.0002005103 2.25116407182462E-05
0.0123973932 0.0197946034 0.0194451167 0.0211650108 0.0138295061 0.0056439648 0.0016932865 0.0003055851 0.0083811596 0.0110001001 0.0119000238 0.0102538831 0.0066422217 0.00207681 0.0003075105 3.54972686147115E-05
0.0136821977 0.0194451167 0.0236124756 0.0239874199 0.0159335811 0.0063721548 0.0018558897 0.0003353919 0.0095323586 0.0124914023 0.0138027359 0.0118413511 0.0078797005 0.0024935518 0.0003609393 4.69047034559794E-05
0.0145256938 0.0211650108 0.0239874199 0.0275253392 0.0178093493 0.0074068432 0.0021489042 0.0003924658 0.0102018705 0.0135346504 0.014782482 0.0130231318 0.0086314562 0.0028574231 0.0004239705 5.93808778550909E-05
0.0093296793 0.0138295061 0.0159335811 0.0178093493 0.0133935568 0.0060686071 0.002157357 0.0004396139 0.0066370249 0.0085935315 0.0095359336 0.0089630315 0.0065067148 0.0025027539 0.0004739872 8.15538973159876E-05
0.0038321515 0.0056439648 0.0063721548 0.0074068432 0.0060686071 0.003751363 0.0014861092 0.0003441108 0.0025994055 0.0031904082 0.0035320515 0.003857352 0.0030944625 0.0015565296 0.0003645399 7.34537131351162E-05
0.0011020691 0.0016932865 0.0018558897 0.0021489042 0.002157357 0.0014861092 0.0010382349 0.0002238065 0.0007131731 0.0007597266 0.0008567063 0.0010904073 0.0010801037 0.0006378265 0.0001636324 2.63202251320494E-05
0.0002068501 0.0003055851 0.0003353919 0.0003924658 0.0004396139 0.0003441108 0.0002238065 5.96477613712978E-05 0.00011601 0.0001090294 0.0001248346 0.0002060168 0.0002295017 0.0001519003 4.13628947849761E-05 7.48774138864445E-06
0.005954586 0.0083811596 0.0095323586 0.0102018705 0.0066370249 0.0025994055 0.0007131731 0.00011601 0.0086924164 0.009576327 0.0107942985 0.0095165412 0.006406317 0.0021638723 0.0003214171 0.000071321
0.0077288382 0.0110001001 0.0124914023 0.0135346504 0.0085935315 0.0031904082 0.0007597266 0.0001090294 0.009576327 0.0148034156 0.0141385691 0.0124850967 0.0082641634 0.0026792725 0.0003794611 8.29713822752219E-05
0.0083716276 0.0119000238 0.0138027359 0.014782482 0.0095359336 0.0035320515 0.0008567063 0.0001248346 0.0107942985 0.0141385691 0.017310168 0.0142714315 0.0097368805 0.0031771683 0.0004135937 0.0001160307
0.0070462335 0.0102538831 0.0118413511 0.0130231318 0.0089630315 0.003857352 0.0010904073 0.0002060168 0.0095165412 0.0124850967 0.0142714315 0.013902582 0.0094800441 0.0034158607 0.0005175328 0.0001560553
0.0045217793 0.0066422217 0.0078797005 0.0086314562 0.0065067148 0.0030944625 0.0010801037 0.0002295017 0.006406317 0.0082641634 0.0097368805 0.0094800441 0.0076666751 0.0028721732 0.0005265683 0.0001731238
0.0013718926 0.00207681 0.0024935518 0.0028574231 0.0025027539 0.0015565296 0.0006378265 0.0001519003 0.0021638723 0.0026792725 0.0031771683 0.0034158607 0.0028721732 0.0013842745 0.0002981118 8.7312417134487E-05
0.0002005103 0.0003075105 0.0003609393 0.0004239705 0.0004739872 0.0003645399 0.0001636324 4.13628947849761E-05 0.0003214171 0.0003794611 0.0004135937 0.0005175328 0.0005265683 0.0002981118 0.0001943598 0.000033853
2.25116407182462E-05 3.54972686147115E-05 4.69047034559794E-05 5.93808778550909E-05 8.15538973159876E-05 7.34537131351162E-05 2.63202251320494E-05 7.48774138864445E-06 0.000071321 8.29713822752219E-05 0.0001160307 0.0001560553 0.0001731238 8.7312417134487E-05 0.000033853 1.48094226663759E-05
