0.0104330415 0.0123973932 0.0136821977 0.0145256938 0.0093296793 0.0038321515 0.0011020691 0.0002068501
0.0123973932 0.0197946034 0.0194451167 0.0211650108 0.0138295061 0.0056439648 0.0016932865 0.0003055851
0.0136821977 0.0194451167 0.0236124756 0.0239874199 0.0159335811 0.0063721548 0.0018558897 0.0003353919
0.0145256938 0.0211650108 0.0239874199 0.0275253392 0.0178093493 0.0074068432 0.0021489042 0.0003924658
0.0093296793 0.0138295061 0.0159335811 0.0178093493 0.0133935568 0.0060686071 0.002157357 0.0004396139
0.0038321515 0.0056439648 0.0063721548 0.0074068432 0.0060686071 0.003751363 0.0014861092 0.0003441108
0.0011020691 0.0016932865 0.0018558897 0.0021489042 0.002157357 0.0014861092 0.0010382349 0.0002238065
0.0002068501 0.0003055851 0.0003353919 0.0003924658 0.0004396139 0.0003441108 0.0002238065 5.96477613712978E-05
