1.00000  0.86268  0.87173  0.85717  0.78925  0.61255  0.33485  0.26221
0.86268  1.00000  0.89943  0.90673  0.84935  0.65496  0.37352  0.28123
0.87173  0.89943  1.00000  0.94091  0.89597  0.67705  0.37483  0.28261
0.85717  0.90673  0.94091  1.00000  0.92754  0.72891  0.40198  0.30629
0.78925  0.84935  0.89597  0.92754  1.00000  0.85614  0.57853  0.49184
0.61255  0.65496  0.67705  0.72891  0.85614  1.00000  0.75302  0.72746
0.33485  0.37352  0.37483  0.40198  0.57853  0.75302  1.00000  0.89935
0.26221  0.28123  0.28261  0.30629  0.49184  0.72746  0.89935  1.00000
