1.000  0.886  0.913  0.903  0.842  0.723  0.396  0.309
0.886  1.000  0.916  0.907  0.836  0.699  0.378  0.291
0.913  0.916  1.000  0.943  0.887  0.743  0.382  0.335
0.903  0.907  0.943  1.000  0.940  0.838  0.450  0.427
0.842  0.836  0.887  0.940  1.000  0.912  0.536  0.564
0.723  0.699  0.743  0.838  0.912  1.000  0.643  0.640
0.396  0.378  0.382  0.450  0.536  0.643  1.000  0.659
0.309  0.291  0.335  0.427  0.564  0.640  0.659  1.000

