  1.0000   0.6907   0.7141   0.6846   0.5615  -0.1831  -0.6084  -0.6567
  0.6907   1.0000   0.7493   0.7729   0.6589  -0.2225  -0.6618  -0.7357
  0.7141   0.7493   1.0000   0.8424   0.7965  -0.2238  -0.7659  -0.8301
  0.6846   0.7729   0.8424   1.0000   0.8187  -0.1823  -0.8180  -0.8756
  0.5615   0.6589   0.7965   0.8187   1.0000  -0.1550  -0.8038  -0.8625
 -0.1831  -0.2225  -0.2238  -0.1823  -0.1550   1.0000  -0.2195  -0.0233
 -0.6084  -0.6618  -0.7659  -0.8180  -0.8038  -0.2195   1.0000   0.7515
 -0.6567  -0.7357  -0.8301  -0.8756  -0.8625  -0.0233   0.7515   1.0000
