0.0096930415 0.0114894507 0.012845455 0.0136344392 0.0091071066 0.0045260971 0.0020446583 0.0007039216 0.005844586 0.0076058382 0.0081556276 0.0067435159 0.0042994312 0.0014936413 0.0002473258 3.7821293258615E-05
0.0114894507 0.0186747974 0.0183460918 0.0199892579 0.0134686233 0.0066082656 0.0031109271 0.001050355 0.0082081343 0.0108140536 0.0115539604 0.0097807516 0.0063070236 0.0022561059 0.0004097294 7.22250727970645E-05
0.012845455 0.0183460918 0.022595752 0.0227365352 0.0156988646 0.007547666 0.0034073543 0.0011508288 0.0093878293 0.0122978045 0.0135096029 0.0113824228 0.0076181033 0.002739018 0.0005020412 0.0001066455
0.0136344392 0.0199892579 0.0227365352 0.0260338784 0.0172119818 0.0085327539 0.003878305 0.0013451015 0.0100044033 0.0132982522 0.0143876179 0.0124253227 0.0082555006 0.003102352 0.0006126334 0.0001322437
0.0091071066 0.0134686233 0.0156988646 0.0172119818 0.0129612184 0.0067724393 0.0035876707 0.0013754622 0.0066690577 0.0086333976 0.0095314112 0.0086187151 0.0063190518 0.0027230733 0.0007345664 0.0002078268
0.0045260971 0.0066082656 0.007547666 0.0085327539 0.0067724393 0.0049806388 0.0029048415 0.0013074482 0.0032001095 0.003919217 0.004344278 0.0045122103 0.0037094384 0.0021232196 0.0007128489 0.000228726
0.0020446583 0.0031109271 0.0034073543 0.003878305 0.0035876707 0.0029048415 0.0029964681 0.0012279239 0.0012883279 0.0013726179 0.001535455 0.0018866961 0.0019039152 0.001312352 0.0004606773 0.0001302912
0.0007039216 0.001050355 0.0011508288 0.0013451015 0.0013754622 0.0013074482 0.0012279239 0.0006369953 0.0003846875 0.0003587196 0.0004088789 0.0006770389 0.0007936145 0.0006174815 0.0002379365 7.30561434556777E-05
0.005844586 0.0082081343 0.0093878293 0.0100044033 0.0066690577 0.0032001095 0.0012883279 0.0003846875 0.0085774164 0.009457327 0.0105692985 0.0092361143 0.0062598002 0.0024641652 0.0004642017 0.0001556402
0.0076058382 0.0108140536 0.0122978045 0.0132982522 0.0086333976 0.003919217 0.0013726179 0.0003587196 0.009457327 0.0146944156 0.0138695691 0.012148389 0.0080693276 0.0030412996 0.0005348885 0.0001727616
0.0081556276 0.0115539604 0.0135096029 0.0143876179 0.0095314112 0.004344278 0.001535455 0.0004088789 0.0105692985 0.0138695691 0.016912168 0.0138095926 0.0095121223 0.0036483991 0.0005980594 0.0002476779
0.0067435159 0.0097807516 0.0113824228 0.0124253227 0.0086187151 0.0045122103 0.0018866961 0.0006770389 0.0092361143 0.012148389 0.0138095926 0.0133556822 0.0092625716 0.0039387367 0.0008117617 0.0003562485
0.0042994312 0.0063070236 0.0076181033 0.0082555006 0.0063190518 0.0037094384 0.0019039152 0.0007936145 0.0062598002 0.0080693276 0.0095121223 0.0092625716 0.0078015263 0.0034992871 0.0009299144 0.0004441312
0.0014936413 0.0022561059 0.002739018 0.003102352 0.0027230733 0.0021232196 0.001312352 0.0006174815 0.0024641652 0.0030412996 0.0036483991 0.0039387367 0.0034992871 0.0019954274 0.0006164624 0.0002744646
0.0002473258 0.0004097294 0.0005020412 0.0006126334 0.0007345664 0.0007128489 0.0004606773 0.0002379365 0.0004642017 0.0005348885 0.0005980594 0.0008117617 0.0009299144 0.0006164624 0.0005799549 0.0001762902
3.7821293258615E-05 7.22250727970645E-05 0.0001066455 0.0001322437 0.0002078268 0.000228726 0.0001302912 7.30561434556777E-05 0.0001556402 0.0001727616 0.0002476779 0.0003562485 0.0004441312 0.0002744646 0.0001762902 0.0001018105
