0.0085774164 0.009457327 0.0105692985 0.0092361143 0.0062598002 0.0024641652 0.0004642017 0.0001556402
0.009457327 0.0146944156 0.0138695691 0.012148389 0.0080693276 0.0030412996 0.0005348885 0.0001727616
0.0105692985 0.0138695691 0.016912168 0.0138095926 0.0095121223 0.0036483991 0.0005980594 0.0002476779
0.0092361143 0.012148389 0.0138095926 0.0133556822 0.0092625716 0.0039387367 0.0008117617 0.0003562485
0.0062598002 0.0080693276 0.0095121223 0.0092625716 0.0078015263 0.0034992871 0.0009299144 0.0004441312
0.0024641652 0.0030412996 0.0036483991 0.0039387367 0.0034992871 0.0019954274 0.0006164624 0.0002744646
0.0004642017 0.0005348885 0.0005980594 0.0008117617 0.0009299144 0.0006164624 0.0005799549 0.0001762902
0.0001556402 0.0001727616 0.0002476779 0.0003562485 0.0004441312 0.0002744646 0.0001762902 0.0001018105
