0.0096930415 0.0114894507 0.012845455 0.0136344392 0.0091071066 0.0045260971 0.0020446583 0.0007039216
0.0114894507 0.0186747974 0.0183460918 0.0199892579 0.0134686233 0.0066082656 0.0031109271 0.001050355
0.012845455 0.0183460918 0.022595752 0.0227365352 0.0156988646 0.007547666 0.0034073543 0.0011508288
0.0136344392 0.0199892579 0.0227365352 0.0260338784 0.0172119818 0.0085327539 0.003878305 0.0013451015
0.0091071066 0.0134686233 0.0156988646 0.0172119818 0.0129612184 0.0067724393 0.0035876707 0.0013754622
0.0045260971 0.0066082656 0.007547666 0.0085327539 0.0067724393 0.0049806388 0.0029048415 0.0013074482
0.0020446583 0.0031109271 0.0034073543 0.003878305 0.0035876707 0.0029048415 0.0029964681 0.0012279239
0.0007039216 0.001050355 0.0011508288 0.0013451015 0.0013754622 0.0013074482 0.0012279239 0.0006369953

