  1.0000   0.6807   0.7280   0.6809   0.2311  -0.4840  -0.4692  -0.6250
  0.6807   1.0000   0.7461   0.7196   0.2475  -0.5438  -0.4818  -0.6337
  0.7280   0.7461   1.0000   0.7831   0.3545  -0.5714  -0.5991  -0.6880
  0.6809   0.7196   0.7831   1.0000   0.3938  -0.4729  -0.6834  -0.7416
  0.2311   0.2475   0.3545   0.3938   1.0000  -0.1136  -0.6939  -0.4946
 -0.4840  -0.5438  -0.5714  -0.4729  -0.1136   1.0000   0.0116   0.1227
 -0.4692  -0.4818  -0.5991  -0.6834  -0.6939   0.0116   1.0000   0.5466
 -0.6250  -0.6337  -0.6880  -0.7416  -0.4946   0.1227   0.5466   1.0000
