  1.0000   0.8165   0.8547   0.8320   0.6807   0.3784   0.0390  -0.0139   0.0360  -0.0062  -0.0128  -0.0538  -0.2502  -0.6609  -0.5731  -0.6099
  0.8165   1.0000   0.8627   0.8463   0.6808   0.3506   0.0264  -0.0275   0.0537   0.0277   0.0187  -0.0060  -0.2158  -0.6641  -0.6068  -0.6417
  0.8547   0.8627   1.0000   0.9031   0.7676   0.4221   0.0213   0.0130   0.0138  -0.0202  -0.0051  -0.0480  -0.2533  -0.7245  -0.6472  -0.6798
  0.8320   0.8463   0.9031   1.0000   0.8547   0.5760   0.0990   0.1197  -0.1363  -0.1642  -0.1655  -0.1947  -0.3899  -0.7599  -0.6434  -0.6390
  0.6807   0.6808   0.7676   0.8547   1.0000   0.7785   0.2611   0.3661  -0.3684  -0.4126  -0.3988  -0.4504  -0.5783  -0.8090  -0.5457  -0.4954
  0.3784   0.3506   0.4221   0.5760   0.7785   1.0000   0.4432   0.5317  -0.6599  -0.7116  -0.7345  -0.7674  -0.8128  -0.5930  -0.2402  -0.1202
  0.0390   0.0264   0.0213   0.0990   0.2611   0.4432   1.0000   0.6750  -0.4594  -0.4808  -0.5119  -0.5197  -0.5037  -0.2984  -0.1286  -0.0262
 -0.0139  -0.0275   0.0130   0.1197   0.3661   0.5317   0.6750   1.0000  -0.4605  -0.4887  -0.5086  -0.5281  -0.5171  -0.3233  -0.1790  -0.0680
  0.0360   0.0537   0.0138  -0.1363  -0.3684  -0.6599  -0.4594  -0.4605   1.0000   0.7594   0.7789   0.7594   0.6755   0.2640  -0.2065  -0.3026
 -0.0062   0.0277  -0.0202  -0.1642  -0.4126  -0.7116  -0.4808  -0.4887   0.7594   1.0000   0.8121   0.8335   0.7576   0.2827  -0.2034  -0.3238
 -0.0128   0.0187  -0.0051  -0.1655  -0.3988  -0.7345  -0.5119  -0.5086   0.7789   0.8121   1.0000   0.8835   0.8463   0.2866  -0.2665  -0.3845
 -0.0538  -0.0060  -0.0480  -0.1947  -0.4504  -0.7674  -0.5197  -0.5281   0.7594   0.8335   0.8835   1.0000   0.8733   0.3445  -0.2635  -0.3793
 -0.2502  -0.2158  -0.2533  -0.3899  -0.5783  -0.8128  -0.5037  -0.5171   0.6755   0.7576   0.8463   0.8733   1.0000   0.4705  -0.1109  -0.2289
 -0.6609  -0.6641  -0.7245  -0.7599  -0.8090  -0.5930  -0.2984  -0.3233   0.2640   0.2827   0.2866   0.3445   0.4705   1.0000   0.3390   0.3780
 -0.5731  -0.6068  -0.6472  -0.6434  -0.5457  -0.2402  -0.1286  -0.1790  -0.2065  -0.2034  -0.2665  -0.2635  -0.1109   0.3390   1.0000   0.8017
 -0.6099  -0.6417  -0.6798  -0.6390  -0.4954  -0.1202  -0.0262  -0.0680  -0.3026  -0.3238  -0.3845  -0.3793  -0.2289   0.3780   0.8017   1.0000
